3_12_08 3, 11, 7
6_7_04 4, 12, 16, 8, 5, 13
7_22_00 2, 10, 14, 6, 15, 7, 11
5_12_12 9, 1, 5, 13, 14
1_15_14 3
6_8_22 13, 5, 9, 1, 10, 2
3_11_04 5, 13, 9
4_21_10 7, 15, 3, 11
5_17_12 7, 15, 3, 11, 8
7_7_00 2, 10, 14, 6, 11, 3, 7
2_1_12 7, 15
6_11_10 8, 16, 4, 12, 9, 1
2_15_20 14, 6
4_19_00 1, 9, 13, 5
6_25_02 4, 12, 16, 8, 5, 13
2_25_20 13, 5
6_17_14 8, 16, 4, 12, 9, 1
2_4_08 1, 9
3_7_04 4, 12, 8
5_30_06 7, 15, 3, 11, 16
8_30_08 8, 16, 4, 12, 5, 13, 1, 9
8_18_18 10, 2, 6, 14, 11, 3, 7, 15
7_22_10 7, 15, 3, 11, 4, 12, 16
6_2_14 8, 16, 4, 12, 5, 13
8_5_20 12, 4, 8, 16, 13, 5, 9, 1
1_3_22 4
1_18_10 2
8_31_06 7, 15, 3, 11, 4, 12, 16, 8
4_31_14 11, 3, 7, 15
1_14_06 3
3_30_12 6, 14, 2
5_21_06 5, 13, 1, 9, 6
8_16_00 4, 12, 16, 8, 1, 9, 13, 5
1_25_08 7
4_21_04 4, 12, 16, 8
5_18_02 2, 10, 14, 6, 15
6_6_10 7, 15, 3, 11, 4, 12
7_3_10 6, 14, 2, 10, 15, 7, 11
8_10_20 13, 5, 9, 1, 14, 6, 10, 2
7_17_22 12, 4, 8, 16, 13, 5, 9
1_28_22 2
4_2_04 3, 11, 15, 7
8_7_22 13, 5, 9, 1, 14, 6, 10, 2
8_12_16 11, 3, 7, 15, 12, 4, 8, 16
1_26_12 5
8_24_12 8, 16, 4, 12, 9, 1, 5, 13
1_19_06 12
7_13_02 5, 13, 1, 9, 2, 10, 14
3_6_08 2, 10, 14
8_26_12 9, 1, 5, 13, 10, 2, 6, 14
7_7_06 5, 13, 1, 9, 14, 6, 10
2_11_10 8, 16
2_31_16 12, 4
7_3_14 8, 16, 4, 12, 1, 9, 13
5_14_00 4, 12, 16, 8, 13
5_27_16 11, 3, 7, 15, 4
3_6_16 6, 14, 2
8_13_08 8, 16, 4, 12, 5, 13, 1, 9
1_18_16 5
3_15_14 11, 3, 15
2_7_12 8, 16
5_6_04 4, 12, 16, 8, 1
7_12_14 10, 2, 6, 14, 15, 7, 11
3_23_02 3, 11, 7
6_5_12 8, 16, 4, 12, 9, 1
5_5_08 6, 14, 2, 10, 7
7_15_00 4, 12, 16, 8, 9, 1, 5
4_27_10 8, 16, 4, 12
1_9_12 9
1_1_10 6
6_17_04 3, 11, 15, 7, 4, 12
1_3_16 1
3_8_22 9, 1, 13
5_26_14 10, 2, 6, 14, 7
6_3_08 5, 13, 1, 9, 6, 14
6_21_10 7, 15, 3, 11, 8, 16
6_3_16 9, 1, 5, 13, 10, 2
1_31_00 12
3_2_08 1, 9, 13
6_27_10 8, 16, 4, 12, 9, 1
5_29_12 10, 2, 6, 14, 7
3_4_12 3, 11, 7
8_1_06 4, 12, 16, 8, 5, 13, 1, 9
1_1_14 8
3_23_12 8, 16, 12
7_19_22 12, 4, 8, 16, 5, 13, 1
1_6_04 16
2_24_22 9, 1
6_25_04 5, 13, 1, 9, 6, 14
1_29_02 5
4_4_20 11, 3, 7, 15
5_31_14 11, 3, 7, 15, 16
1_19_12 15
8_20_08 5, 13, 1, 9, 6, 14, 2, 10
6_12_04 5, 13, 1, 9, 2, 10
2_24_20 8, 16
8_26_04 5, 13, 1, 9, 6, 14, 2, 10
4_26_16 11, 3, 7, 15
8_3_12 7, 15, 3, 11, 8, 16, 4, 12
5_24_08 6, 14, 2, 10, 11
1_2_00 13
6_25_12 9, 1, 5, 13, 10, 2
8_12_08 7, 15, 3, 11, 8, 16, 4, 12
4_31_08 8, 16, 12
5_1_06 4, 12, 16, 8, 5
5_29_22 15, 7, 11, 3, 12
7_8_12 8, 16, 4, 12, 13, 5, 9
1_20_10 10
5_25_20 13, 5, 9, 1, 14
8_17_04 3, 11, 15, 7, 4, 12, 16, 8
4_11_12 9, 1, 5, 13
4_30_06 7, 15, 3, 11
2_28_20 9, 1
4_7_22 13, 5, 9, 1
1_14_18 9
5_19_08 5, 13, 1, 9, 14
7_24_06 5, 13, 1, 9, 10, 2, 6
6_19_14 8, 16, 4, 12, 9, 1
4_14_14 11, 3, 7, 15
2_1_14 8, 16
5_14_02 5, 13, 1, 9, 14
7_7_18 11, 3, 7, 15, 4, 12, 16
1_2_04 15
1_17_12 7
8_25_18 12, 4, 8, 16, 13, 5, 9, 1
4_29_04 6, 14, 2, 10
5_9_02 4, 12, 16, 8, 5
4_17_12 7, 15, 3, 11
5_29_10 9, 1, 5, 13, 6
3_15_10 9, 1, 13
6_20_06 4, 12, 16, 8, 1, 9
4_13_06 7, 15, 3, 11
7_20_12 7, 15, 3, 11, 12, 4, 8
5_12_10 8, 16, 4, 12, 13
4_5_14 9, 1, 5, 13
2_30_18 9, 1
5_11_10 8, 16, 4, 12, 1
8_11_18 12, 4, 8, 16, 13, 5, 9, 1
1_26_18 8
5_17_06 4, 12, 16, 8, 5
8_23_14 9, 1, 5, 13, 10, 2, 6, 14
6_16_10 9, 1, 5, 13, 2, 10
4_28_14 10, 2, 6, 14
1_9_06 6
5_13_04 6, 14, 2, 10, 3
1_26_14 6
8_29_02 5, 13, 1, 9, 2, 10, 14, 6
8_27_08 7, 15, 3, 11, 8, 16, 4, 12
6_3_14 8, 16, 4, 12, 9, 1
6_20_02 2, 10, 14, 6, 15, 7
3_27_02 4, 12, 8
7_16_14 11, 3, 7, 15, 12, 4, 8
3_29_14 11, 3, 7
6_8_06 5, 13, 1, 9, 2, 10
3_16_00 16, 8, 4
5_27_06 6, 14, 2, 10, 15
1_15_00 12
2_7_20 12, 4
7_8_00 2, 10, 14, 6, 7, 15, 3
6_7_00 2, 10, 14, 6, 3, 11
4_31_16 12, 4, 8, 16
4_18_22 12, 4, 8, 16
3_26_10 4, 12, 16
2_21_16 10, 2
7_27_10 8, 16, 4, 12, 1, 9, 13
8_2_20 11, 3, 7, 15, 12, 4, 8, 16
7_26_08 7, 15, 3, 11, 4, 12, 16
4_6_06 5, 13, 1, 9
3_30_20 10, 2, 6
2_9_20 13, 5
6_25_14 10, 2, 6, 14, 11, 3
6_28_04 5, 13, 1, 9, 2, 10
6_1_18 10, 2, 6, 14, 11, 3
7_2_04 3, 11, 15, 7, 16, 8, 12
7_26_18 12, 4, 8, 16, 9, 1, 5
1_27_22 6
7_13_22 15, 7, 11, 3, 12, 4, 8
2_11_12 9, 1
3_8_12 4, 12, 8
2_3_00 1, 9
7_24_14 9, 1, 5, 13, 14, 6, 10
5_30_08 8, 16, 4, 12, 1
4_12_04 5, 13, 1, 9
2_26_02 16, 8
6_17_18 10, 2, 6, 14, 11, 3
2_1_18 10, 2
5_2_16 9, 1, 5, 13, 6
2_22_04 16, 8
6_30_22 15, 7, 11, 3, 8, 16
5_16_06 7, 15, 3, 11, 8
6_11_00 3, 11, 15, 7, 4, 12
3_17_16 9, 1, 5
4_20_02 2, 10, 14, 6
4_22_00 2, 10, 14, 6
6_22_00 2, 10, 14, 6, 15, 7
7_29_08 8, 16, 4, 12, 5, 13, 1
1_12_06 10
7_28_00 3, 11, 15, 7, 8, 16, 4
5_11_20 13, 5, 9, 1, 6
5_22_02 3, 11, 15, 7, 16
1_31_14 3
4_10_06 6, 14, 2, 10
4_16_20 14, 6, 10, 2
8_19_20 11, 3, 7, 15, 12, 4, 8, 16
5_19_14 8, 16, 4, 12, 1
4_1_06 4, 12, 16, 8
8_24_20 12, 4, 8, 16, 13, 5, 9, 1
1_8_18 15
7_8_04 4, 12, 16, 8, 9, 1, 5
5_7_12 8, 16, 4, 12, 1
4_22_04 4, 12, 16, 8
5_8_14 9, 1, 5, 13, 14
5_2_12 7, 15, 3, 11, 4
6_30_04 6, 14, 2, 10, 15, 7
3_9_22 14, 6, 10
5_18_20 11, 3, 7, 15, 8
1_25_00 3
4_23_06 5, 13, 1, 9
1_1_00 1
4_5_02 3, 11, 15, 7
6_19_22 12, 4, 8, 16, 13, 5
4_30_04 6, 14, 2, 10
6_22_16 10, 2, 6, 14, 7, 15
7_21_12 8, 16, 4, 12, 9, 1, 5
2_21_18 11, 3
2_11_16 11, 3
5_5_20 12, 4, 8, 16, 13
3_21_22 13, 5, 9
8_16_04 6, 14, 2, 10, 3, 11, 15, 7
1_5_20 12
4_20_00 1, 9, 13, 5
3_1_06 4, 12, 16
8_17_12 7, 15, 3, 11, 8, 16, 4, 12
8_9_02 4, 12, 16, 8, 5, 13, 1, 9
5_2_14 8, 16, 4, 12, 5
3_6_22 9, 1, 5
2_23_10 7, 15
8_22_00 2, 10, 14, 6, 3, 11, 15, 7
5_6_14 9, 1, 5, 13, 6
5_15_06 7, 15, 3, 11, 12
7_31_22 15, 7, 11, 3, 4, 12, 16
3_4_10 2, 10, 6
3_26_16 7, 15, 3
3_17_14 8, 16, 4
3_6_00 14, 6, 10
2_8_04 16, 8
5_7_22 13, 5, 9, 1, 6
2_30_12 6, 14
6_17_10 6, 14, 2, 10, 7, 15
2_4_22 8, 16
2_24_14 5, 13
5_13_10 9, 1, 5, 13, 6
1_11_16 3
5_31_12 10, 2, 6, 14, 15
4_30_18 13, 5, 9, 1
6_6_00 2, 10, 14, 6, 15, 7
8_9_04 5, 13, 1, 9, 6, 14, 2, 10
6_5_04 4, 12, 16, 8, 5, 13
6_21_00 2, 10, 14, 6, 3, 11
3_31_16 12, 4, 16
8_22_14 9, 1, 5, 13, 10, 2, 6, 14
4_26_10 8, 16, 4, 12
3_11_00 3, 11, 7
6_14_00 4, 12, 16, 8, 13, 5
6_7_14 9, 1, 5, 13, 10, 2
7_20_18 10, 2, 6, 14, 15, 7, 11
5_6_08 6, 14, 2, 10, 3
4_21_18 11, 3, 7, 15
2_14_20 10, 2
2_29_22 15, 7
6_9_10 8, 16, 4, 12, 9, 1
4_22_02 3, 11, 15, 7
6_1_16 9, 1, 5, 13, 10, 2
1_18_22 8
4_23_20 12, 4, 8, 16
1_16_00 8
6_27_08 7, 15, 3, 11, 8, 16
2_22_12 4, 12
3_22_22 9, 1, 5
6_19_12 7, 15, 3, 11, 8, 16
6_11_16 11, 3, 7, 15, 12, 4
7_30_20 14, 6, 10, 2, 7, 15, 3
2_10_18 8, 16
5_15_10 9, 1, 5, 13, 14
5_30_20 14, 6, 10, 2, 7
2_26_06 2, 10
8_28_14 10, 2, 6, 14, 11, 3, 7, 15
1_6_20 8
8_17_20 11, 3, 7, 15, 12, 4, 8, 16
4_17_18 10, 2, 6, 14
8_7_04 4, 12, 16, 8, 5, 13, 1, 9
6_9_02 4, 12, 16, 8, 5, 13
2_2_02 14, 6
7_14_06 7, 15, 3, 11, 16, 8, 12
8_24_16 10, 2, 6, 14, 11, 3, 7, 15
2_18_20 7, 15
2_6_22 9, 1
7_23_06 5, 13, 1, 9, 14, 6, 10
5_12_14 10, 2, 6, 14, 15
5_24_00 2, 10, 14, 6, 7
4_13_02 5, 13, 1, 9
2_29_16 12, 4
1_22_20 8
4_24_14 9, 1, 5, 13
4_15_10 9, 1, 5, 13
3_5_18 11, 3, 7
1_7_14 1
5_3_04 3, 11, 15, 7, 12
8_24_08 6, 14, 2, 10, 7, 15, 3, 11
2_29_04 6, 14
2_28_16 7, 15
7_8_10 7, 15, 3, 11, 12, 4, 8
6_28_22 14, 6, 10, 2, 11, 3
1_26_10 4
7_14_00 4, 12, 16, 8, 13, 5, 9
5_11_18 12, 4, 8, 16, 5
1_6_06 1
3_1_22 12, 4, 8
7_28_18 12, 4, 8, 16, 1, 9, 13
8_26_18 12, 4, 8, 16, 13, 5, 9, 1
7_25_08 7, 15, 3, 11, 8, 16, 4
4_11_04 5, 13, 1, 9
2_19_00 1, 9
4_28_10 8, 16, 4, 12
4_7_08 6, 14, 2, 10
4_7_18 11, 3, 7, 15
7_6_12 8, 16, 4, 12, 5, 13, 1
6_2_06 4, 12, 16, 8, 1, 9
6_22_02 3, 11, 15, 7, 16, 8
3_16_04 2, 10, 6
6_26_12 9, 1, 5, 13, 6, 14
7_21_04 4, 12, 16, 8, 5, 13, 1
1_3_20 3
5_11_06 6, 14, 2, 10, 15
5_30_18 13, 5, 9, 1, 6
3_2_04 15, 7, 11
6_22_22 13, 5, 9, 1, 10, 2
6_26_16 11, 3, 7, 15, 8, 16
1_2_20 7
3_23_00 2, 10, 6
5_22_18 11, 3, 7, 15, 8
5_9_18 12, 4, 8, 16, 13
1_10_20 9
2_30_08 4, 12
2_27_14 10, 2
7_25_20 13, 5, 9, 1, 14, 6, 10
8_18_06 4, 12, 16, 8, 5, 13, 1, 9
4_29_06 7, 15, 3, 11
2_7_18 11, 3
5_26_00 3, 11, 15, 7, 16
6_4_04 3, 11, 15, 7, 16, 8
3_22_06 1, 9, 13
7_30_02 5, 13, 1, 9, 14, 6, 10
6_30_18 13, 5, 9, 1, 6, 14
7_3_08 5, 13, 1, 9, 14, 6, 10
6_31_12 10, 2, 6, 14, 7, 15
6_14_16 12, 4, 8, 16, 5, 13
1_20_06 8
5_28_02 4, 12, 16, 8, 9
1_27_12 1
2_31_10 9, 1
8_6_08 6, 14, 2, 10, 7, 15, 3, 11
4_1_08 5, 13, 1, 9
2_22_00 14, 6
4_17_22 12, 4, 8, 16
7_6_18 11, 3, 7, 15, 8, 16, 4
8_5_00 2, 10, 14, 6, 3, 11, 15, 7
7_22_04 4, 12, 16, 8, 1, 9, 13
6_16_22 15, 7, 11, 3, 8, 16
3_5_10 7, 15, 3
1_20_14 12
2_31_02 5, 13
1_20_02 6
6_17_22 12, 4, 8, 16, 13, 5
4_9_18 12, 4, 8, 16
6_21_22 13, 5, 9, 1, 14, 6
5_31_22 15, 7, 11, 3, 4
1_19_04 11
3_17_00 1, 9, 13
8_5_12 8, 16, 4, 12, 9, 1, 5, 13
6_24_02 3, 11, 15, 7, 16, 8
8_9_16 11, 3, 7, 15, 12, 4, 8, 16
4_30_02 5, 13, 1, 9
2_29_12 10, 2
5_5_04 4, 12, 16, 8, 5
5_2_00 1, 9, 13, 5, 14
7_28_02 4, 12, 16, 8, 9, 1, 5
1_17_08 5
3_1_18 10, 2, 6
6_7_18 11, 3, 7, 15, 12, 4
7_10_00 3, 11, 15, 7, 16, 8, 12
4_13_04 6, 14, 2, 10
5_17_08 5, 13, 1, 9, 6
1_9_20 13
7_11_18 12, 4, 8, 16, 5, 13, 1
6_1_00 1, 9, 13, 5, 2, 10
4_15_18 13, 5, 9, 1
1_2_12 3
3_23_06 5, 13, 9
2_16_22 11, 3
2_14_06 3, 11
4_13_12 10, 2, 6, 14
8_13_12 10, 2, 6, 14, 7, 15, 3, 11
3_31_02 5, 13, 9
3_18_00 13, 5, 9
3_19_04 3, 11, 7
4_20_18 10, 2, 6, 14
4_16_18 13, 5, 9, 1
1_4_18 14
4_3_14 8, 16, 4, 12
6_11_12 9, 1, 5, 13, 10, 2
7_13_04 6, 14, 2, 10, 3, 11, 15
6_29_02 5, 13, 1, 9, 2, 10
5_17_10 6, 14, 2, 10, 7
6_24_04 4, 12, 16, 8, 1, 9
7_9_04 5, 13, 1, 9, 6, 14, 2
6_5_02 3, 11, 15, 7, 4, 12
3_4_20 7, 15, 11
1_26_08 3
6_26_08 7, 15, 3, 11, 4, 12
3_10_18 8, 16, 4
5_12_18 12, 4, 8, 16, 1
7_12_08 7, 15, 3, 11, 12, 4, 8
4_27_06 6, 14, 2, 10
1_30_08 4
4_22_20 12, 4, 8, 16
4_4_18 10, 2, 6, 14
2_7_10 7, 15
4_3_20 11, 3, 7, 15
4_14_22 15, 7, 11, 3
6_13_12 10, 2, 6, 14, 7, 15
8_16_22 15, 7, 11, 3, 12, 4, 8, 16
7_29_12 10, 2, 6, 14, 7, 15, 3
5_21_10 7, 15, 3, 11, 8
1_2_14 4
2_8_16 6, 14
8_4_18 10, 2, 6, 14, 11, 3, 7, 15
4_29_22 15, 7, 11, 3
1_6_10 3
7_8_02 3, 11, 15, 7, 8, 16, 4
7_8_14 9, 1, 5, 13, 14, 6, 10
7_14_16 12, 4, 8, 16, 5, 13, 1
7_31_20 14, 6, 10, 2, 3, 11, 15
4_27_18 12, 4, 8, 16
3_2_12 3, 11, 15
8_23_08 6, 14, 2, 10, 7, 15, 3, 11
6_27_02 4, 12, 16, 8, 5, 13
5_12_04 5, 13, 1, 9, 10
1_9_02 4
2_2_22 8, 16
4_12_14 10, 2, 6, 14
7_9_20 13, 5, 9, 1, 14, 6, 10
2_4_06 16, 8
1_26_04 1
6_18_22 12, 4, 8, 16, 9, 1
1_16_08 12
1_21_20 12
6_15_14 11, 3, 7, 15, 8, 16
2_12_14 6, 14
7_16_16 12, 4, 8, 16, 13, 5, 9
2_18_10 2, 10
3_13_12 10, 2, 6
4_23_10 7, 15, 3, 11
8_23_18 11, 3, 7, 15, 12, 4, 8, 16
8_7_00 2, 10, 14, 6, 3, 11, 15, 7
3_15_08 8, 16, 12
1_27_10 16
5_2_20 11, 3, 7, 15, 8
1_10_08 3
5_26_22 14, 6, 10, 2, 11
2_19_16 9, 1
8_10_06 6, 14, 2, 10, 7, 15, 3, 11
7_6_14 9, 1, 5, 13, 6, 14, 2
2_7_16 10, 2
8_22_16 10, 2, 6, 14, 11, 3, 7, 15
1_22_12 4
3_27_00 3, 11, 7
3_20_14 4, 12, 8
4_22_08 6, 14, 2, 10
1_13_06 7
2_3_22 12, 4
4_31_22 15, 7, 11, 3
8_15_14 11, 3, 7, 15, 8, 16, 4, 12
6_16_08 8, 16, 4, 12, 1, 9
3_18_18 6, 14, 2
4_7_14 9, 1, 5, 13
4_2_16 9, 1, 5, 13
3_24_06 1, 9, 5
6_15_10 9, 1, 5, 13, 6, 14
7_14_12 10, 2, 6, 14, 3, 11, 15
5_26_20 13, 5, 9, 1, 10
7_7_04 4, 12, 16, 8, 13, 5, 9
2_18_08 1, 9
8_11_02 4, 12, 16, 8, 5, 13, 1, 9
5_31_10 9, 1, 5, 13, 14
3_8_04 16, 8, 4
3_16_22 11, 3, 15
2_11_20 13, 5
7_21_18 11, 3, 7, 15, 12, 4, 8
3_26_04 1, 9, 13
7_5_04 4, 12, 16, 8, 5, 13, 1
8_3_08 5, 13, 1, 9, 6, 14, 2, 10
1_31_10 1
5_14_06 7, 15, 3, 11, 16
8_12_20 13, 5, 9, 1, 14, 6, 10, 2
7_2_20 11, 3, 7, 15, 8, 16, 4
8_21_18 11, 3, 7, 15, 12, 4, 8, 16
4_8_18 11, 3, 7, 15
2_24_12 4, 12
5_30_12 10, 2, 6, 14, 3
5_14_14 11, 3, 7, 15, 4
1_24_02 7
3_25_22 14, 6, 10
2_19_08 5, 13
4_3_02 2, 10, 14, 6
7_10_06 6, 14, 2, 10, 3, 11, 15
6_26_10 8, 16, 4, 12, 5, 13
8_27_18 12, 4, 8, 16, 13, 5, 9, 1
4_15_08 8, 16, 12
7_11_12 9, 1, 5, 13, 2, 10, 14
2_24_04 16, 8
1_14_20 10
6_4_06 4, 12, 16, 8, 1, 9
4_5_20 12, 4, 8, 16
2_27_04 5, 13
6_27_04 5, 13, 1, 9, 6, 14
5_31_04 6, 14, 2, 10, 11
1_24_10 11
3_5_02 3, 11, 15
6_26_00 3, 11, 15, 7, 16, 8
4_19_20 11, 3, 7, 15
5_14_18 13, 5, 9, 1, 6
8_1_04 3, 11, 15, 7, 4, 12, 16, 8
5_14_16 12, 4, 8, 16, 5
8_19_06 4, 12, 16, 8, 5, 13, 1, 9
8_30_16 12, 4, 8, 16, 9, 1, 5, 13
8_22_02 3, 11, 15, 7, 4, 12, 16, 8
7_19_10 6, 14, 2, 10, 15, 7, 11
4_26_02 4, 12, 16, 8
3_15_00 4,12, 8
4_17_20 11, 3, 7, 15
5_1_16 9, 1, 5, 13, 10
1_2_18 6
4_11_14 10, 2, 6, 14
3_25_12 9, 1, 5
2_3_02 2, 10
2_4_04 15, 7
5_13_14 11, 3, 7, 15, 8
8_13_02 5, 13, 1, 9, 2, 10, 14, 6
7_14_22 15, 7, 11, 3, 8, 16, 4
7_29_06 7, 15, 3, 11, 4, 12, 16
7_22_14 9, 1, 5, 13, 6, 14, 2
6_4_08 5, 13, 1, 9, 2, 10
7_12_02 4, 12, 16, 8, 9, 1, 5
1_19_20 3
6_22_18 11, 3, 7, 15, 8, 16
3_13_10 9, 1, 5
3_8_08 2, 10, 6
6_24_16 10, 2, 6, 14, 7, 15
3_15_20 14, 6, 2
3_15_04 6, 14, 10
6_4_12 7, 15, 3, 11, 4, 12
5_11_02 4, 12, 16, 8, 13
2_2_10 2, 10
2_21_12 8, 16
3_9_14 10, 2, 6
6_30_20 14, 6, 10, 2, 7, 15
4_15_06 7, 15, 3, 11
6_15_08 8, 16, 4, 12, 5, 13
6_29_22 15, 7, 11, 3, 12, 4
8_21_10 7, 15, 3, 11, 8, 16, 4, 12
5_18_00 1, 9, 13, 5, 14
8_27_00 3, 11, 15, 7, 4, 12, 16, 8
4_2_00 1, 9, 13, 5
7_1_16 9, 1, 5, 13, 10, 2, 6
7_1_18 10, 2, 6, 14, 11, 3, 7
6_25_00 3, 11, 15, 7, 4, 12
4_10_16 11, 3, 7, 15
2_28_04 1, 9
3_5_14 9, 1, 5
1_29_16 12
8_5_14 9, 1, 5, 13, 10, 2, 6, 14
8_22_18 11, 3, 7, 15, 12, 4, 8, 16
3_3_12 7, 15, 11
5_27_12 9, 1, 5, 13, 2
5_27_18 12, 4, 8, 16, 5
6_2_16 9, 1, 5, 13, 6, 14
8_29_06 7, 15, 3, 11, 4, 12, 16, 8
4_21_16 10, 2, 6, 14
1_21_02 3
1_14_08 4
4_9_14 10, 2, 6, 14
6_15_04 6, 14, 2, 10, 3, 11
4_14_12 10, 2, 6, 14
3_27_14 10, 2, 14
5_28_20 13, 5, 9, 1, 2
7_27_14 10, 2, 6, 14, 3, 11, 15
5_16_04 6, 14, 2, 10, 7
5_5_02 3, 11, 15, 7, 4
6_31_00 4, 12, 16, 8, 1, 9
3_5_22 13, 5, 9
3_16_12 6, 14, 10
2_2_16 5, 13
3_20_08 1, 9, 5
2_20_16 5, 13
1_13_04 6
5_4_18 10, 2, 6, 14, 15
5_22_06 5, 13, 1, 9, 2
5_8_22 13, 5, 9, 1, 2
5_2_02 2, 10, 14, 6, 15
8_20_14 8, 16, 4, 12, 9, 1, 5, 13
3_8_10 3, 11, 7
8_3_04 3, 11, 15, 7, 4, 12, 16, 8
3_26_12 5, 13, 1
3_1_12 7, 15, 3
5_3_08 5, 13, 1, 9, 14
7_14_04 6, 14, 2, 10, 15, 7, 11
8_4_14 8, 16, 4, 12, 9, 1, 5, 13
1_3_04 11
6_25_10 8, 16, 4, 12, 9, 1
5_22_00 2, 10, 14, 6, 15
2_23_14 9, 1
6_14_06 7, 15, 3, 11, 16, 8
1_30_20 10
1_20_00 5
2_31_08 8, 16
3_19_06 4, 12, 8
1_12_02 8
8_7_14 9, 1, 5, 13, 10, 2, 6, 14
5_9_04 5, 13, 1, 9, 6
3_16_20 10, 2, 14
7_30_22 15, 7, 11, 3, 8, 16, 4
6_24_14 9, 1, 5, 13, 6, 14
6_21_14 9, 1, 5, 13, 10, 2
4_26_06 6, 14, 2, 10
7_2_08 5, 13, 1, 9, 2, 10, 14
8_31_20 14, 6, 10, 2, 11, 3, 7, 15
8_16_06 7, 15, 3, 11, 4, 12, 16, 8
4_6_08 6, 14, 2, 10
1_25_16 11
3_8_06 1, 9, 5
2_12_10 4, 12
1_15_04 14
2_26_22 10, 2
8_2_04 3, 11, 15, 7, 4, 12, 16, 8
6_25_08 7, 15, 3, 11, 8, 16
7_19_06 4, 12, 16, 8, 13, 5, 9
2_6_04 16, 8
3_27_22 14, 6, 2
7_20_16 9, 1, 5, 13, 14, 6, 10
1_17_04 3
3_7_02 3, 11, 7
2_9_12 9, 1
6_5_06 5, 13, 1, 9, 6, 14
4_9_10 8, 16, 4, 12
6_23_00 2, 10, 14, 6, 3, 11
3_1_16 9, 1, 5
8_28_02 4, 12, 16, 8, 5, 13, 1, 9
5_5_14 9, 1, 5, 13, 10
8_26_16 11, 3, 7, 15, 12, 4, 8, 16
7_18_02 2, 10, 14, 6, 15, 7, 11
3_2_02 14, 6, 10
1_19_00 9
6_27_00 3, 11, 15, 7, 4, 12
8_27_04 5, 13, 1, 9, 6, 14, 2, 10
8_8_12 8, 16, 4, 12, 9, 1, 5, 13
7_16_04 6, 14, 2, 10, 7, 15, 3
2_28_06 2, 10
4_3_04 3, 11, 15, 7
8_6_10 7, 15, 3, 11, 8, 16, 4, 12
2_15_14 11, 3
6_9_16 11, 3, 7, 15, 12, 4
5_5_12 8, 16, 4, 12, 9
5_29_06 7, 15, 3, 11, 4
2_21_08 6, 14
1_25_02 4
3_1_10 6, 14, 2
8_21_08 6, 14, 2, 10, 7, 15, 3, 11
8_2_12 7, 15, 3, 11, 8, 16, 4, 12
4_6_14 9, 1, 5, 13
4_25_20 13, 5, 9, 1
7_15_22 15, 7, 11, 3, 4, 12, 16
6_18_00 1, 9, 13, 5, 14, 6
5_3_12 7, 15, 3, 11, 16
5_6_20 12, 4, 8, 16, 9
2_5_08 6, 14
7_31_08 8, 16, 4, 12, 13, 5, 9
3_6_06 1, 9, 13
1_20_18 14
2_25_02 4, 12
1_18_12 3
4_8_06 5, 13, 1, 9
4_22_14 9, 1, 5, 13
5_31_20 14, 6, 10, 2, 3
6_22_12 8, 16, 4, 12, 5, 13
6_24_18 11, 3, 7, 15, 8, 16
8_3_14 8, 16, 4, 12, 9, 1, 5, 13
7_9_14 10, 2, 6, 14, 11, 3, 7
2_22_14 5, 13
7_3_22 12, 4, 8, 16, 5, 13, 1
5_20_18 10, 2, 6, 14, 15
3_31_10 9, 1, 13
7_10_22 14, 6, 10, 2, 11, 3, 7
6_4_22 12, 4, 8, 16, 9, 1
6_29_18 13, 5, 9, 1, 10, 2
1_7_16 2
8_9_18 12, 4, 8, 16, 13, 5, 9, 1
3_19_16 9, 1, 13
5_29_16 12, 4, 8, 16, 9
2_9_00 3, 11
2_13_14 11, 3
3_31_18 13, 5, 1
1_2_08 1
4_3_08 5, 13, 1, 9
1_17_02 2
4_16_22 15, 7, 11, 3
6_28_18 12, 4, 8, 16, 9, 1
5_6_18 11, 3, 7, 15, 8
2_31_18 13, 5
7_5_14 9, 1, 5, 13, 10, 2, 6
8_4_08 5, 13, 1, 9, 6, 14, 2, 10
1_12_20 1
4_26_04 5, 13, 1, 9
2_24_00 14, 6
8_13_00 4, 12, 16, 8, 1, 9, 13, 5
3_19_14 8, 16, 12
7_18_16 9, 1, 5, 13, 6, 14, 2
2_18_12 3, 11
2_22_08 2, 10
3_3_18 10, 2, 14
2_14_12 6, 14
7_6_04 4, 12, 16, 8, 1, 9, 13
4_1_02 2, 10, 14, 6
7_27_08 7, 15, 3, 11, 16, 8, 12
7_31_02 5, 13, 1, 9, 10, 2, 6
7_6_08 6, 14, 2, 10, 3, 11, 15
3_9_06 6, 14, 2
3_3_08 5, 13, 9
4_28_06 6, 14, 2, 10
3_27_10 8, 16, 12
3_6_20 8, 16, 4
5_28_22 14, 6, 10, 2, 3
3_6_18 7, 15, 3
2_13_18 13, 5
7_10_18 12, 4, 8, 16, 9, 1, 5
1_28_08 11
6_11_04 5, 13, 1, 9, 6, 14
7_13_10 9, 1, 5, 13, 6, 14, 2
5_20_08 5, 13, 1, 9, 10
3_18_04 15, 7, 11
1_20_20 15
6_19_08 5, 13, 1, 9, 6, 14
7_30_14 11, 3, 7, 15, 4, 12, 16
3_25_14 10, 2, 6
3_26_18 8, 16, 4
4_6_16 10, 2, 6, 14
3_13_00 4,12, 16
4_12_00 3, 11, 15, 7
5_4_16 9, 1, 5, 13, 14
8_17_14 8, 16, 4, 12, 9, 1, 5, 13
4_11_10 8, 16, 4, 12
6_15_06 7, 15, 3, 11, 4, 12
7_4_00 1, 9, 13, 5, 6, 14, 2
6_21_02 3, 11, 15, 7, 4, 12
7_2_14 8, 16, 4, 12, 5, 13, 1
5_15_18 13, 5, 9, 1, 2
4_2_18 10, 2, 6, 14
5_7_06 5, 13, 1, 9, 14
8_29_18 13, 5, 9, 1, 10, 2, 6, 14
7_25_14 10, 2, 6, 14, 11, 3, 7
4_11_22 14, 6, 10, 2
2_25_06 6, 14
7_5_10 7, 15, 3, 11, 8, 16, 4
6_8_20 12, 4, 8, 16, 9, 1
5_24_04 4, 12, 16, 8, 9
8_27_10 8, 16, 4, 12, 9, 1, 5, 13
3_15_02 5, 13, 9
4_6_22 13, 5, 9, 1
7_24_02 3, 11, 15, 7, 8, 16, 4
8_31_02 5, 13, 1, 9, 2, 10, 14, 6
1_16_12 14
2_22_06 1, 9
3_7_16 10, 2, 14
7_25_12 9, 1, 5, 13, 10, 2, 6
8_25_00 3, 11, 15, 7, 4, 12, 16, 8
5_6_06 5, 13, 1, 9, 2
6_18_16 9, 1, 5, 13, 6, 14
1_6_00 14
8_23_10 7, 15, 3, 11, 8, 16, 4, 12
4_7_10 7, 15, 3, 11
1_22_02 15
8_8_16 10, 2, 6, 14, 11, 3, 7, 15
3_16_18 9, 1, 13
7_11_14 10, 2, 6, 14, 3, 11, 15
7_5_12 8, 16, 4, 12, 9, 1, 5
1_23_04 12
6_16_14 11, 3, 7, 15, 4, 12
8_29_04 6, 14, 2, 10, 3, 11, 15, 7
4_19_04 3, 11, 15, 7
1_29_00 4
8_26_20 13, 5, 9, 1, 14, 6, 10, 2
6_3_20 11, 3, 7, 15, 12, 4
7_17_20 11, 3, 7, 15, 12, 4, 8
7_28_06 6, 14, 2, 10, 11, 3, 7
6_12_14 10, 2, 6, 14, 7, 15
4_24_18 11, 3, 7, 15
6_19_00 1, 9, 13, 5, 2, 10
4_10_08 7, 15, 3, 11
7_18_14 8, 16, 4, 12, 5, 13, 1
7_23_22 13, 5, 9, 1, 6, 14, 2
3_2_18 6, 14, 2
2_7_14 9, 1
2_20_22 8, 16
1_20_22 16
2_29_02 5, 13
7_19_20 11, 3, 7, 15, 4, 12, 16
1_30_00 16
4_13_14 11, 3, 7, 15
5_24_02 3, 11, 15, 7, 8
2_29_18 13, 5
5_21_00 2, 10, 14, 6, 3
7_20_02 2, 10, 14, 6, 7, 15, 3
8_10_18 12, 4, 8, 16, 13, 5, 9, 1
6_19_06 4, 12, 16, 8, 5, 13
8_21_20 12, 4, 8, 16, 13, 5, 9, 1
3_12_18 8, 16, 12
5_6_22 13, 5, 9, 1, 10
6_24_20 12, 4, 8, 16, 9, 1
6_17_06 4, 12, 16, 8, 5, 13
1_28_14 14
3_5_08 6, 14, 2
5_18_06 4, 12, 16, 8, 1
3_20_16 5, 13, 9
2_10_04 1, 9
2_29_08 8, 16
8_19_14 8, 16, 4, 12, 9, 1, 5, 13
3_30_10 5, 13, 1
6_31_14 11, 3, 7, 15, 8, 16
7_15_20 14, 6, 10, 2, 3, 11, 15
4_29_14 11, 3, 7, 15
6_5_10 7, 15, 3, 11, 8, 16
3_12_12 5, 13, 9
2_16_16 8, 16
1_26_22 10
1_4_14 12
7_1_06 4, 12, 16, 8, 5, 13, 1
7_29_10 9, 1, 5, 13, 6, 14, 2
8_13_06 7, 15, 3, 11, 4, 12, 16, 8
2_21_02 3, 11
1_4_02 6
8_8_08 6, 14, 2, 10, 7, 15, 3, 11
5_2_10 6, 14, 2, 10, 3
6_19_10 6, 14, 2, 10, 7, 15
3_13_04 6, 14, 2
4_3_18 10, 2, 6, 14
3_10_12 5, 13, 1
8_15_16 12, 4, 8, 16, 9, 1, 5, 13
3_5_06 5, 13, 1
6_9_20 13, 5, 9, 1, 14, 6
1_11_00 11
4_14_10 9, 1, 5, 13
8_3_00 1, 9, 13, 5, 2, 10, 14, 6
2_16_14 7, 15
4_13_22 15, 7, 11, 3
5_25_08 7, 15, 3, 11, 8
2_13_12 10, 2
8_25_20 13, 5, 9, 1, 14, 6, 10, 2
3_21_20 12, 4, 8
3_31_12 10, 2, 14
7_12_22 14, 6, 10, 2, 3, 11, 15
2_2_20 7, 15
4_25_10 8, 16, 4, 12
5_14_22 15, 7, 11, 3, 8
2_29_20 14, 6
5_27_20 13, 5, 9, 1, 6
1_29_08 8
8_4_00 1, 9, 13, 5, 2, 10, 14, 6
2_14_08 4, 12
7_2_12 7, 15, 3, 11, 4, 12, 16
3_24_20 8, 16, 12
8_26_22 14, 6, 10, 2, 15, 7, 11, 3
4_1_00 1, 9, 13, 5
5_19_06 4, 12, 16, 8, 13
4_13_16 12, 4, 8, 16
8_2_22 12, 4, 8, 16, 13, 5, 9, 1
6_24_22 13, 5, 9, 1, 10, 2
2_6_16 6, 14
2_24_08 2, 10
7_27_00 3, 11, 15, 7, 12, 4, 8
6_9_22 14, 6, 10, 2, 15, 7
7_6_16 10, 2, 6, 14, 7, 15, 3
3_29_08 8, 16, 4
6_20_16 9, 1, 5, 13, 6, 14
1_22_16 6
1_18_00 13
5_25_16 11, 3, 7, 15, 12
8_26_00 3, 11, 15, 7, 4, 12, 16, 8
8_4_02 2, 10, 14, 6, 3, 11, 15, 7
6_12_08 7, 15, 3, 11, 4, 12
4_12_12 9, 1, 5, 13
2_30_06 3, 11
7_5_18 11, 3, 7, 15, 12, 4, 8
5_22_10 7, 15, 3, 11, 4
1_21_14 9
8_27_22 14, 6, 10, 2, 15, 7, 11, 3
4_1_18 10, 2, 6, 14
6_14_14 11, 3, 7, 15, 4, 12
6_30_02 5, 13, 1, 9, 14, 6
4_31_20 14, 6, 10, 2
2_10_12 5, 13
1_12_22 2
1_3_08 13
4_8_00 2, 10, 14, 6
8_14_10 9, 1, 5, 13, 6, 14, 2, 10
6_19_02 2, 10, 14, 6, 3, 11
5_10_22 14, 6, 10, 2, 11
5_25_04 5, 13, 1, 9, 6
6_15_12 10, 2, 6, 14, 7, 15
4_17_10 6, 14, 2, 10
5_11_08 7, 15, 3, 11, 16
2_31_00 4,12
1_17_20 11
8_22_04 4, 12, 16, 8, 5, 13, 1, 9
1_1_04 3
5_21_22 13, 5, 9, 1, 14
7_31_04 6, 14, 2, 10, 11, 3, 7
5_27_10 8, 16, 4, 12, 1
5_14_04 6, 14, 2, 10, 15
6_25_22 14, 6, 10, 2, 15, 7
4_25_12 9, 1, 5, 13
1_15_02 13
3_28_02 16, 8, 4
1_18_08 1
5_12_06 6, 14, 2, 10, 11
1_3_00 9
5_12_22 14, 6, 10, 2, 3
2_4_14 4, 12
2_21_06 5, 13
7_29_04 6, 14, 2, 10, 3, 11, 15
2_2_12 3, 11
4_4_14 8, 16, 4, 12
3_25_10 8, 16, 4
7_27_04 5, 13, 1, 9, 14, 6, 10
3_10_20 9, 1, 5
2_6_18 7, 15
6_2_08 5, 13, 1, 9, 2, 10
7_25_16 11, 3, 7, 15, 12, 4, 8
6_9_12 9, 1, 5, 13, 10, 2
6_11_18 12, 4, 8, 16, 13, 5
1_11_14 2
3_13_20 14, 6, 10
3_13_06 7, 15, 3
3_23_10 7, 15, 11
8_2_14 8, 16, 4, 12, 9, 1, 5, 13
2_30_16 8, 16
5_10_10 8, 16, 4, 12, 5
2_23_16 10, 2
5_15_00 4, 12, 16, 8, 9
2_17_10 6, 14
3_26_14 6, 14, 2
3_24_08 2, 10, 6
8_18_12 7, 15, 3, 11, 8, 16, 4, 12
6_14_04 6, 14, 2, 10, 15, 7
3_30_02 1, 9, 13
3_5_04 4, 12, 16
2_30_00 16, 8
3_19_12 7, 15, 11
6_12_10 8, 16, 4, 12, 5, 13
1_25_14 10
6_30_06 7, 15, 3, 11, 16, 8
7_18_00 1, 9, 13, 5, 14, 6, 10
3_9_08 7, 15, 3
6_18_12 7, 15, 3, 11, 4, 12
2_11_06 6, 14
7_9_16 11, 3, 7, 15, 12, 4, 8
8_14_16 12, 4, 8, 16, 9, 1, 5, 13
5_23_04 4, 12, 16, 8, 13
1_4_12 11
4_2_12 7, 15, 3, 11
1_21_22 13
6_5_20 12, 4, 8, 16, 13, 5
5_18_12 7, 15, 3, 11, 4
6_21_16 10, 2, 6, 14, 11, 3
5_2_18 10, 2, 6, 14, 7
2_1_20 11, 3
7_31_00 4, 12, 16, 8, 9, 1, 5
2_5_02 3, 11
5_6_02 3, 11, 15, 7, 16
2_1_16 9, 1
3_1_08 5, 13, 1
8_25_02 4, 12, 16, 8, 5, 13, 1, 9
5_8_20 12, 4, 8, 16, 1
4_25_22 14, 6, 10, 2
1_13_00 4
6_2_04 3, 11, 15, 7, 16, 8
4_23_08 6, 14, 2, 10
3_31_08 8, 16, 12
3_7_20 12, 4, 16
3_31_20 14, 6, 2
2_14_16 8, 16
4_15_12 10, 2, 6, 14
3_14_12 6, 14, 2
8_23_22 13, 5, 9, 1, 14, 6, 10, 2
1_13_14 11
2_17_12 7, 15
2_12_02 16, 8
4_26_00 3, 11, 15, 7
8_21_22 13, 5, 9, 1, 14, 6, 10, 2
3_29_00 4,12, 16
4_11_06 6, 14, 2, 10
1_15_16 4
3_17_04 3, 11, 15
1_13_08 8
6_1_20 11, 3, 7, 15, 12, 4
5_18_18 10, 2, 6, 14, 7
1_8_06 9
3_10_00 15, 7, 11
3_8_00 14, 6, 2
6_24_06 5, 13, 1, 9, 2, 10
7_14_18 13, 5, 9, 1, 6, 14, 2
3_31_00 4,12, 8
8_28_16 11, 3, 7, 15, 12, 4, 8, 16
6_2_18 10, 2, 6, 14, 7, 15
5_27_14 10, 2, 6, 14, 3
5_19_16 9, 1, 5, 13, 2
5_31_06 7, 15, 3, 11, 12
6_30_12 10, 2, 6, 14, 3, 11
2_2_18 6, 14
2_11_00 3, 11
3_22_00 14, 6, 10
2_18_00 13, 5
7_12_00 3, 11, 15, 7, 8, 16, 4
6_19_18 10, 2, 6, 14, 11, 3
7_7_02 3, 11, 15, 7, 12, 4, 8
2_26_12 5, 13
3_29_04 6, 14, 2
5_24_10 7, 15, 3, 11, 12
5_5_00 2, 10, 14, 6, 3
6_8_00 2, 10, 14, 6, 15, 7
4_29_00 4,12, 16, 8
3_17_02 2, 10, 14
7_14_20 14, 6, 10, 2, 7, 15, 3
2_20_12 3, 11
1_22_18 7
8_15_22 15, 7, 11, 3, 12, 4, 8, 16
1_22_14 5
2_10_22 10, 2
6_29_00 4, 12, 16, 8, 1, 9
6_30_10 9, 1, 5, 13, 2, 10
6_14_18 13, 5, 9, 1, 6, 14
5_20_04 3, 11, 15, 7, 8
1_10_16 7
1_24_04 8
6_23_10 7, 15, 3, 11, 8, 16
6_6_02 3, 11, 15, 7, 16, 8
3_13_08 8, 16, 4
3_1_00 1, 9, 13
1_21_12 8
1_8_02 7
6_8_18 11, 3, 7, 15, 8, 16
2_23_00 2, 10
1_5_08 6
6_23_20 12, 4, 8, 16, 13, 5
6_23_18 11, 3, 7, 15, 12, 4
7_18_18 10, 2, 6, 14, 7, 15, 3
5_30_16 12, 4, 8, 16, 5
3_29_02 5, 13, 1
8_25_08 7, 15, 3, 11, 8, 16, 4, 12
5_23_00 2, 10, 14, 6, 11
8_16_16 12, 4, 8, 16, 9, 1, 5, 13
3_10_06 2, 10, 14
7_28_04 5, 13, 1, 9, 10, 2, 6
5_3_06 4, 12, 16, 8, 13
6_27_20 13, 5, 9, 1, 14, 6
4_7_06 5, 13, 1, 9
7_21_02 3, 11, 15, 7, 4, 12, 16
7_19_08 5, 13, 1, 9, 14, 6, 10
4_22_22 13, 5, 9, 1
6_4_02 2, 10, 14, 6, 15, 7
1_17_06 4
7_28_20 13, 5, 9, 1, 2, 10, 14
4_16_16 12, 4, 8, 16
6_10_18 12, 4, 8, 16, 9, 1
4_20_12 7, 15, 3, 11
6_19_04 3, 11, 15, 7, 4, 12
7_21_16 10, 2, 6, 14, 11, 3, 7
5_22_12 8, 16, 4, 12, 5
3_2_10 2, 10, 14
3_17_06 4, 12, 16
4_30_12 10, 2, 6, 14
7_19_18 10, 2, 6, 14, 3, 11, 15
6_5_08 6, 14, 2, 10, 7, 15
4_10_14 10, 2, 6, 14
4_25_00 3, 11, 15, 7
4_21_08 6, 14, 2, 10
8_20_00 1, 9, 13, 5, 2, 10, 14, 6
4_9_12 9, 1, 5, 13
1_5_04 4
2_21_22 13, 5
8_17_08 5, 13, 1, 9, 6, 14, 2, 10
4_24_02 3, 11, 15, 7
8_16_20 14, 6, 10, 2, 11, 3, 7, 15
1_29_10 9
6_27_18 12, 4, 8, 16, 13, 5
1_6_08 2
8_9_06 6, 14, 2, 10, 7, 15, 3, 11
6_13_20 14, 6, 10, 2, 11, 3
1_28_04 9
7_4_04 3, 11, 15, 7, 8, 16, 4
8_31_00 4, 12, 16, 8, 1, 9, 13, 5
7_14_10 9, 1, 5, 13, 2, 10, 14
6_6_22 13, 5, 9, 1, 10, 2
1_1_06 4
4_27_12 9, 1, 5, 13
2_12_18 8, 16
2_18_06 16, 8
5_17_02 2, 10, 14, 6, 3
4_9_08 7, 15, 3, 11
8_20_10 6, 14, 2, 10, 7, 15, 3, 11
6_5_18 11, 3, 7, 15, 12, 4
8_2_06 4, 12, 16, 8, 5, 13, 1, 9
8_20_20 11, 3, 7, 15, 12, 4, 8, 16
1_9_18 12
3_28_12 5, 13, 9
6_18_20 11, 3, 7, 15, 8, 16
5_16_16 12, 4, 8, 16, 13
2_20_02 14, 6
2_28_02 16, 8
7_19_04 3, 11, 15, 7, 12, 4, 8
7_23_10 7, 15, 3, 11, 16, 8, 12
5_19_18 10, 2, 6, 14, 3
4_31_10 9, 1, 5, 13
1_5_16 10
7_16_22 15, 7, 11, 3, 16, 8, 12
8_29_20 14, 6, 10, 2, 11, 3, 7, 15
4_24_10 7, 15, 3, 11
6_23_14 9, 1, 5, 13, 10, 2
3_10_22 10, 2, 6
1_23_08 14
3_18_02 14, 6, 10
3_20_20 7, 15, 11
1_9_08 7
4_7_00 2, 10, 14, 6
2_3_20 11, 3
4_11_02 4, 12, 16, 8
4_19_14 8, 16, 4, 12
4_9_04 5, 13, 1, 9
4_17_16 9, 1, 5, 13
8_19_18 10, 2, 6, 14, 11, 3, 7, 15
2_21_10 7, 15
6_15_18 13, 5, 9, 1, 10, 2
1_24_22 1
3_24_04 16, 8, 4
4_20_22 12, 4, 8, 16
5_13_16 12, 4, 8, 16, 9
4_18_20 11, 3, 7, 15
7_18_04 3, 11, 15, 7, 16, 8, 12
4_4_16 9, 1, 5, 13
1_7_22 5
8_7_02 3, 11, 15, 7, 4, 12, 16, 8
2_1_10 6, 14
1_4_10 10
8_13_16 12, 4, 8, 16, 9, 1, 5, 13
1_28_12 13
1_24_12 12
8_19_10 6, 14, 2, 10, 7, 15, 3, 11
8_8_06 5, 13, 1, 9, 6, 14, 2, 10
5_16_20 14, 6, 10, 2, 15
2_25_12 9, 1
5_2_04 3, 11, 15, 7, 16
6_4_18 10, 2, 6, 14, 7, 15
4_24_04 4, 12, 16, 8
3_4_16 5, 13, 9
1_10_06 2
3_14_04 2, 10, 14
4_12_06 6, 14, 2, 10
3_18_10 2, 10, 14
7_25_02 4, 12, 16, 8, 5, 13, 1
7_29_20 14, 6, 10, 2, 11, 3, 7
2_12_04 1, 9
3_28_06 2, 10, 6
2_13_02 5, 13
6_31_16 12, 4, 8, 16, 9, 1
7_2_22 12, 4, 8, 16, 9, 1, 5
6_11_20 13, 5, 9, 1, 14, 6
5_17_20 11, 3, 7, 15, 12
3_15_12 10, 2, 14
1_23_14 1
5_20_20 11, 3, 7, 15, 16
1_7_08 14
7_3_00 1, 9, 13, 5, 10, 2, 6
4_26_12 9, 1, 5, 13
4_20_14 8, 16, 4, 12
1_25_12 9
3_26_22 10, 2, 6
7_10_12 9, 1, 5, 13, 6, 14, 2
1_20_04 7
8_18_22 12, 4, 8, 16, 13, 5, 9, 1
7_23_12 8, 16, 4, 12, 1, 9, 13
4_18_10 6, 14, 2, 10
8_28_04 5, 13, 1, 9, 6, 14, 2, 10
7_13_20 14, 6, 10, 2, 11, 3, 7
2_20_18 6, 14
6_12_22 14, 6, 10, 2, 11, 3
8_24_22 13, 5, 9, 1, 14, 6, 10, 2
6_17_00 1, 9, 13, 5, 2, 10
4_24_16 10, 2, 6, 14
5_3_02 2, 10, 14, 6, 11
1_5_02 3
4_29_16 12, 4, 8, 16
1_29_12 10
6_2_02 2, 10, 14, 6, 15, 7
3_24_16 6, 14, 10
5_1_04 3, 11, 15, 7, 4
1_17_22 12
7_5_16 10, 2, 6, 14, 11, 3, 7
3_21_12 8, 16, 4
6_23_08 6, 14, 2, 10, 7, 15
8_29_22 15, 7, 11, 3, 12, 4, 8, 16
3_3_00 1, 9, 5
4_18_04 3, 11, 15, 7
4_21_22 13, 5, 9, 1
6_22_08 6, 14, 2, 10, 3, 11
5_3_18 10, 2, 6, 14, 3
3_14_16 8, 16, 4
8_12_12 9, 1, 5, 13, 10, 2, 6, 14
4_4_00 1, 9, 13, 5
4_18_08 5, 13, 1, 9
7_26_06 6, 14, 2, 10, 3, 11, 15
2_18_14 4, 12
3_12_16 7, 15, 11
7_22_06 5, 13, 1, 9, 2, 10, 14
8_14_12 10, 2, 6, 14, 7, 15, 3, 11
5_25_06 6, 14, 2, 10, 7
7_15_10 9, 1, 5, 13, 14, 6, 10
3_28_18 8, 16, 12
4_9_06 6, 14, 2, 10
6_12_06 6, 14, 2, 10, 3, 11
4_18_16 9, 1, 5, 13
7_24_18 11, 3, 7, 15, 16, 8, 12
4_17_04 3, 11, 15, 7
1_23_00 10
3_26_06 2, 10, 14
6_28_08 7, 15, 3, 11, 4, 12
6_10_08 7, 15, 3, 11, 4, 12
1_4_00 5
3_11_12 9, 1, 13
2_9_06 6, 14
5_8_16 10, 2, 6, 14, 15
6_31_08 8, 16, 4, 12, 5, 13
6_28_02 4, 12, 16, 8, 1, 9
2_11_04 5, 13
2_23_06 5, 13
1_21_06 5
3_5_00 2, 10, 14
7_19_00 1, 9, 13, 5, 10, 2, 6
2_10_20 9, 1
8_11_12 9, 1, 5, 13, 10, 2, 6, 14
1_31_18 5
1_11_22 6
4_10_04 5, 13, 1, 9
6_21_08 6, 14, 2, 10, 7, 15
3_13_02 5, 13, 1
5_20_02 2, 10, 14, 6, 7
7_16_06 7, 15, 3, 11, 8, 16, 4
3_30_08 4, 12, 16
6_16_06 7, 15, 3, 11, 16, 8
2_25_22 14, 6
1_27_08 15
8_17_00 1, 9, 13, 5, 2, 10, 14, 6
8_11_22 14, 6, 10, 2, 15, 7, 11, 3
1_9_00 3
4_21_14 9, 1, 5, 13
6_3_04 3, 11, 15, 7, 4, 12
4_25_16 11, 3, 7, 15
8_17_16 9, 1, 5, 13, 10, 2, 6, 14
6_16_16 12, 4, 8, 16, 5, 13
2_8_20 8, 16
2_19_06 4, 12
5_19_00 1, 9, 13, 5, 10
2_21_04 4, 12
1_15_18 5
6_5_14 9, 1, 5, 13, 10, 2
5_17_18 10, 2, 6, 14, 11
8_3_18 10, 2, 6, 14, 11, 3, 7, 15
6_20_12 7, 15, 3, 11, 4, 12
2_17_20 11, 3
1_11_20 5
2_15_08 8, 16
1_27_02 12
3_9_10 8, 16, 4
1_21_18 11
5_26_04 5, 13, 1, 9, 2
5_10_20 13, 5, 9, 1, 10
7_18_06 4, 12, 16, 8, 1, 9, 13
6_23_12 8, 16, 4, 12, 9, 1
6_6_14 9, 1, 5, 13, 6, 14
5_20_00 1, 9, 13, 5, 6
1_29_20 14
7_3_18 10, 2, 6, 14, 3, 11, 15
8_21_12 8, 16, 4, 12, 9, 1, 5, 13
3_16_08 4, 12, 8
7_9_12 9, 1, 5, 13, 10, 2, 6
5_19_20 11, 3, 7, 15, 4
8_26_06 6, 14, 2, 10, 7, 15, 3, 11
6_17_02 2, 10, 14, 6, 3, 11
2_14_02 1, 9
2_22_16 6, 14
5_29_00 4, 12, 16, 8, 1
8_11_16 11, 3, 7, 15, 12, 4, 8, 16
1_23_22 5
1_12_14 14
6_3_02 2, 10, 14, 6, 3, 11
2_8_12 4, 12
8_30_20 14, 6, 10, 2, 11, 3, 7, 15
2_15_16 12, 4
4_28_00 3, 11, 15, 7
2_16_06 3, 11
6_8_02 3, 11, 15, 7, 16, 8
5_13_02 5, 13, 1, 9, 2
7_15_02 5, 13, 1, 9, 10, 2, 6
7_12_16 11, 3, 7, 15, 16, 8, 12
2_16_10 5, 13
3_21_06 5, 13, 1
2_29_00 4,12
2_15_06 7, 15
4_12_16 11, 3, 7, 15
3_28_22 10, 2, 14
7_4_06 4, 12, 16, 8, 9, 1, 5
7_5_00 2, 10, 14, 6, 3, 11, 15
2_14_14 7, 15
7_9_10 8, 16, 4, 12, 9, 1, 5
8_4_16 9, 1, 5, 13, 10, 2, 6, 14
8_25_12 9, 1, 5, 13, 10, 2, 6, 14
6_9_08 7, 15, 3, 11, 8, 16
2_23_08 6, 14
6_1_14 8, 16, 4, 12, 9, 1
8_19_22 12, 4, 8, 16, 13, 5, 9, 1
1_14_16 8
3_9_18 12, 4, 8
7_26_14 10, 2, 6, 14, 7, 15, 3
2_7_06 5, 13
4_25_04 5, 13, 1, 9
1_10_00 15
5_9_16 11, 3, 7, 15, 12
1_29_04 6
7_4_20 11, 3, 7, 15, 16, 8, 12
6_28_14 10, 2, 6, 14, 7, 15
7_24_10 7, 15, 3, 11, 12, 4, 8
2_9_16 11, 3
2_12_08 3, 11
2_17_00 1, 9
3_10_16 7, 15, 3
5_30_02 5, 13, 1, 9, 14
1_30_04 2
3_13_22 15, 7, 11
2_5_16 10, 2
4_14_02 5, 13, 1, 9
6_10_06 6, 14, 2, 10, 3, 11
2_20_06 16, 8
3_27_12 9, 1, 13
1_1_18 10
6_23_02 3, 11, 15, 7, 4, 12
3_26_08 3, 11, 15
6_12_12 9, 1, 5, 13, 6, 14
1_5_22 13
7_1_08 5, 13, 1, 9, 6, 14, 2
2_27_06 6, 14
8_11_10 8, 16, 4, 12, 9, 1, 5, 13
2_27_00 3, 11
1_5_00 2
2_10_00 15, 7
8_10_08 7, 15, 3, 11, 8, 16, 4, 12
4_15_22 15, 7, 11, 3
8_18_02 2, 10, 14, 6, 3, 11, 15, 7
4_30_10 9, 1, 5, 13
6_13_22 15, 7, 11, 3, 12, 4
1_7_04 12
5_13_00 4, 12, 16, 8, 1
2_5_00 2, 10
1_17_14 8
5_21_20 12, 4, 8, 16, 13
6_17_20 11, 3, 7, 15, 12, 4
1_22_10 3
5_5_10 7, 15, 3, 11, 8
8_31_10 9, 1, 5, 13, 6, 14, 2, 10
5_4_02 2, 10, 14, 6, 7
2_22_02 15, 7
5_18_10 6, 14, 2, 10, 3
4_1_20 11, 3, 7, 15
7_31_06 7, 15, 3, 11, 12, 4, 8
7_25_06 6, 14, 2, 10, 7, 15, 3
3_3_16 9, 1, 13
4_31_00 4,12, 16, 8
6_18_04 3, 11, 15, 7, 16, 8
8_12_06 6, 14, 2, 10, 7, 15, 3, 11
2_24_06 1, 9
1_20_12 11
1_25_06 6
6_11_22 14, 6, 10, 2, 15, 7
5_12_00 3, 11, 15, 7, 8
8_16_10 9, 1, 5, 13, 6, 14, 2, 10
6_6_18 11, 3, 7, 15, 8, 16
4_22_12 8, 16, 4, 12
7_21_22 13, 5, 9, 1, 14, 6, 10
8_15_20 14, 6, 10, 2, 11, 3, 7, 15
5_12_02 4, 12, 16, 8, 9
2_9_08 7, 15
6_8_10 7, 15, 3, 11, 4, 12
5_15_20 14, 6, 10, 2, 3
5_10_08 7, 15, 3, 11, 4
3_30_14 7, 15, 3
1_4_22 16
1_13_16 12
2_3_18 10, 2
5_4_10 6, 14, 2, 10, 11
4_14_18 13, 5, 9, 1
2_25_08 7, 15
2_22_18 7, 15
7_23_00 2, 10, 14, 6, 11, 3, 7
2_28_08 3, 11
5_31_08 8, 16, 4, 12, 13
2_17_14 8, 16
8_19_00 1, 9, 13, 5, 2, 10, 14, 6
1_26_02 16
8_13_20 14, 6, 10, 2, 11, 3, 7, 15
1_19_10 14
7_12_20 13, 5, 9, 1, 2, 10, 14
5_7_18 11, 3, 7, 15, 4
2_31_20 14, 6
8_19_16 9, 1, 5, 13, 10, 2, 6, 14
1_3_12 15
8_13_22 15, 7, 11, 3, 12, 4, 8, 16
7_31_12 10, 2, 6, 14, 15, 7, 11
6_9_00 3, 11, 15, 7, 4, 12
3_13_16 12, 4, 8
7_22_16 10, 2, 6, 14, 7, 15, 3
2_30_22 11, 3
3_2_00 13, 5, 9
8_25_06 6, 14, 2, 10, 7, 15, 3, 11
6_15_02 5, 13, 1, 9, 2, 10
2_13_04 6, 14
4_7_20 12, 4, 8, 16
4_6_04 4, 12, 16, 8
8_17_02 2, 10, 14, 6, 3, 11, 15, 7
6_1_10 6, 14, 2, 10, 7, 15
4_28_02 4, 12, 16, 8
6_7_06 5, 13, 1, 9, 6, 14
2_18_04 15, 7
5_30_00 4, 12, 16, 8, 13
3_7_18 11, 3, 15
2_14_04 2, 10
2_11_18 12, 4
3_16_14 7, 15, 11
6_20_18 10, 2, 6, 14, 7, 15
4_4_02 2, 10, 14, 6
3_14_06 3, 11, 15
2_25_00 3, 11
8_15_12 10, 2, 6, 14, 7, 15, 3, 11
2_15_18 13, 5
3_9_04 5, 13, 1
7_13_18 13, 5, 9, 1, 10, 2, 6
3_12_22 10, 2, 14
4_10_00 3, 11, 15, 7
6_1_22 12, 4, 8, 16, 13, 5
8_12_10 8, 16, 4, 12, 9, 1, 5, 13
1_13_02 5
2_19_04 3, 11
2_26_10 4, 12
7_18_08 5, 13, 1, 9, 2, 10, 14
1_14_22 11
7_13_08 8, 16, 4, 12, 5, 13, 1
8_11_08 7, 15, 3, 11, 8, 16, 4, 12
7_16_02 5, 13, 1, 9, 6, 14, 2
8_5_02 3, 11, 15, 7, 4, 12, 16, 8
8_14_04 6, 14, 2, 10, 3, 11, 15, 7
4_11_20 13, 5, 9, 1
3_30_22 11, 3, 7
8_28_00 3, 11, 15, 7, 4, 12, 16, 8
3_22_20 8, 16, 4
6_20_04 3, 11, 15, 7, 16, 8
5_6_16 10, 2, 6, 14, 7
6_1_08 5, 13, 1, 9, 6, 14
4_7_12 8, 16, 4, 12
1_3_18 2
6_11_06 6, 14, 2, 10, 7, 15
