8_30_20 14, 6, 10, 2, 11, 3, 7, 15
8_6_12 8, 16, 4, 12, 9, 1, 5, 13
2_9_14 10, 2
3_6_10 3, 11, 15
6_25_10 8, 16, 4, 12, 9, 1
1_15_06 15
7_27_00 3, 11, 15, 7, 12, 4, 8
2_21_12 8, 16
2_17_16 9, 1
8_21_18 11, 3, 7, 15, 12, 4, 8, 16
6_25_06 6, 14, 2, 10, 7, 15
7_8_04 4, 12, 16, 8, 9, 1, 5
6_19_18 10, 2, 6, 14, 11, 3
7_4_04 3, 11, 15, 7, 8, 16, 4
1_4_14 12
3_14_16 8, 16, 4
1_29_16 12
1_3_06 12
6_21_22 13, 5, 9, 1, 14, 6
3_30_00 16, 8, 12
5_3_20 11, 3, 7, 15, 4
7_29_02 5, 13, 1, 9, 2, 10, 14
3_24_06 1, 9, 5
4_19_04 3, 11, 15, 7
8_18_16 9, 1, 5, 13, 10, 2, 6, 14
7_9_00 3, 11, 15, 7, 4, 12, 16
1_6_22 9
4_13_06 7, 15, 3, 11
4_3_22 12, 4, 8, 16
6_17_12 7, 15, 3, 11, 8, 16
4_27_00 3, 11, 15, 7
4_4_02 2, 10, 14, 6
3_17_08 5, 13, 1
6_5_18 11, 3, 7, 15, 12, 4
6_16_12 10, 2, 6, 14, 3, 11
7_3_20 11, 3, 7, 15, 4, 12, 16
6_4_14 8, 16, 4, 12, 5, 13
3_22_20 8, 16, 4
4_26_16 11, 3, 7, 15
8_2_04 3, 11, 15, 7, 4, 12, 16, 8
2_5_10 7, 15
8_24_04 4, 12, 16, 8, 5, 13, 1, 9
5_18_20 11, 3, 7, 15, 8
5_19_00 1, 9, 13, 5, 10
1_12_00 7
2_12_18 8, 16
7_22_20 12, 4, 8, 16, 9, 1, 5
5_25_20 13, 5, 9, 1, 14
3_6_00 14, 6, 10
6_28_16 11, 3, 7, 15, 8, 16
4_2_06 4, 12, 16, 8
6_11_06 6, 14, 2, 10, 7, 15
6_11_10 8, 16, 4, 12, 9, 1
4_30_08 8, 16, 4, 12
7_7_16 10, 2, 6, 14, 3, 11, 15
3_9_02 4, 12, 16
1_4_06 8
3_16_18 9, 1, 13
3_25_22 14, 6, 10
1_1_04 3
8_2_22 12, 4, 8, 16, 13, 5, 9, 1
1_24_08 10
6_19_02 2, 10, 14, 6, 3, 11
4_22_02 3, 11, 15, 7
2_8_08 2, 10
5_3_00 1, 9, 13, 5, 10
8_29_00 4, 12, 16, 8, 1, 9, 13, 5
5_31_08 8, 16, 4, 12, 13
3_3_16 9, 1, 13
2_7_12 8, 16
4_3_12 7, 15, 3, 11
6_13_02 5, 13, 1, 9, 2, 10
6_7_18 11, 3, 7, 15, 12, 4
3_26_02 16, 8, 12
1_15_14 3
7_26_16 11, 3, 7, 15, 8, 16, 4
2_19_18 10, 2
7_18_00 1, 9, 13, 5, 14, 6, 10
1_19_22 4
7_18_06 4, 12, 16, 8, 1, 9, 13
5_14_02 5, 13, 1, 9, 14
2_22_00 14, 6
4_11_16 11, 3, 7, 15
8_10_20 13, 5, 9, 1, 14, 6, 10, 2
2_5_16 10, 2
2_29_10 9, 1
4_12_08 7, 15, 3, 11
7_30_12 10, 2, 6, 14, 3, 11, 15
3_6_14 5, 13, 1
6_12_20 13, 5, 9, 1, 10, 2
1_31_12 2
2_29_00 4,12
1_6_10 3
4_15_18 13, 5, 9, 1
3_15_14 11, 3, 15
5_19_22 12, 4, 8, 16, 5
3_20_14 4, 12, 8
8_11_18 12, 4, 8, 16, 13, 5, 9, 1
4_28_06 6, 14, 2, 10
4_27_10 8, 16, 4, 12
1_19_12 15
5_11_14 10, 2, 6, 14, 3
3_25_12 9, 1, 5
2_31_06 7, 15
6_20_22 12, 4, 8, 16, 9, 1
1_12_10 12
7_23_14 9, 1, 5, 13, 2, 10, 14
4_9_14 10, 2, 6, 14
8_5_22 13, 5, 9, 1, 14, 6, 10, 2
8_1_12 7, 15, 3, 11, 8, 16, 4, 12
3_13_08 8, 16, 4
4_3_06 4, 12, 16, 8
1_16_12 14
8_26_16 11, 3, 7, 15, 12, 4, 8, 16
3_30_14 7, 15, 3
5_17_04 3, 11, 15, 7, 4
1_12_22 2
5_27_14 10, 2, 6, 14, 3
2_6_20 8, 16
6_6_12 8, 16, 4, 12, 5, 13
2_7_14 9, 1
7_27_16 11, 3, 7, 15, 4, 12, 16
3_13_12 10, 2, 6
6_25_14 10, 2, 6, 14, 11, 3
6_12_14 10, 2, 6, 14, 7, 15
8_27_08 7, 15, 3, 11, 8, 16, 4, 12
3_1_10 6, 14, 2
5_1_02 2, 10, 14, 6, 3
1_12_08 11
5_9_12 9, 1, 5, 13, 10
4_18_08 5, 13, 1, 9
8_29_06 7, 15, 3, 11, 4, 12, 16, 8
5_9_00 3, 11, 15, 7, 4
5_29_14 11, 3, 7, 15, 8
6_28_22 14, 6, 10, 2, 11, 3
5_30_10 9, 1, 5, 13, 2
7_6_10 7, 15, 3, 11, 4, 12, 16
5_30_12 10, 2, 6, 14, 3
1_19_00 9
1_1_22 12
5_23_18 11, 3, 7, 15, 4
2_14_10 5, 13
1_15_00 12
2_1_10 6, 14
4_26_18 12, 4, 8, 16
3_29_18 13, 5, 9
1_9_10 8
3_23_12 8, 16, 12
7_6_04 4, 12, 16, 8, 1, 9, 13
2_13_14 11, 3
3_24_00 14, 6, 2
5_28_10 8, 16, 4, 12, 13
6_28_14 10, 2, 6, 14, 7, 15
4_16_12 10, 2, 6, 14
7_17_06 4, 12, 16, 8, 5, 13, 1
1_5_18 11
6_20_10 6, 14, 2, 10, 3, 11
3_11_04 5, 13, 9
6_22_12 8, 16, 4, 12, 5, 13
2_7_16 10, 2
6_23_20 12, 4, 8, 16, 13, 5
8_10_18 12, 4, 8, 16, 13, 5, 9, 1
4_31_16 12, 4, 8, 16
6_6_16 10, 2, 6, 14, 7, 15
2_12_04 1, 9
6_18_16 9, 1, 5, 13, 6, 14
2_27_02 4, 12
8_7_08 6, 14, 2, 10, 7, 15, 3, 11
8_16_12 10, 2, 6, 14, 7, 15, 3, 11
5_4_22 12, 4, 8, 16, 1
5_12_22 14, 6, 10, 2, 3
7_19_12 7, 15, 3, 11, 16, 8, 12
5_20_16 9, 1, 5, 13, 14
5_14_08 8, 16, 4, 12, 1
5_16_12 10, 2, 6, 14, 11
8_4_06 4, 12, 16, 8, 5, 13, 1, 9
6_16_04 6, 14, 2, 10, 15, 7
2_9_18 12, 4
5_15_14 11, 3, 7, 15, 16
5_17_20 11, 3, 7, 15, 12
5_7_02 3, 11, 15, 7, 12
6_10_14 10, 2, 6, 14, 7, 15
7_4_10 6, 14, 2, 10, 11, 3, 7
3_27_02 4, 12, 8
7_15_12 10, 2, 6, 14, 15, 7, 11
6_22_04 4, 12, 16, 8, 1, 9
1_20_12 11
2_20_14 4, 12
3_8_08 2, 10, 6
5_24_04 4, 12, 16, 8, 9
2_14_00 16, 8
8_9_04 5, 13, 1, 9, 6, 14, 2, 10
2_7_08 6, 14
5_6_02 3, 11, 15, 7, 16
6_18_02 2, 10, 14, 6, 15, 7
5_11_10 8, 16, 4, 12, 1
2_22_20 8, 16
7_12_02 4, 12, 16, 8, 9, 1, 5
6_9_10 8, 16, 4, 12, 9, 1
4_29_10 9, 1, 5, 13
5_21_16 10, 2, 6, 14, 11
8_7_16 10, 2, 6, 14, 11, 3, 7, 15
6_4_06 4, 12, 16, 8, 1, 9
8_15_08 8, 16, 4, 12, 5, 13, 1, 9
3_28_22 10, 2, 14
2_18_20 7, 15
8_14_16 12, 4, 8, 16, 9, 1, 5, 13
4_11_20 13, 5, 9, 1
4_7_16 10, 2, 6, 14
7_15_22 15, 7, 11, 3, 4, 12, 16
6_13_06 7, 15, 3, 11, 4, 12
5_19_08 5, 13, 1, 9, 14
4_24_00 2, 10, 14, 6
3_30_16 8, 16, 4
4_10_02 4, 12, 16, 8
1_6_16 6
4_10_20 13, 5, 9, 1
1_22_02 15
1_8_04 8
6_19_00 1, 9, 13, 5, 2, 10
6_22_10 7, 15, 3, 11, 4, 12
3_10_18 8, 16, 4
7_23_16 10, 2, 6, 14, 3, 11, 15
7_19_22 12, 4, 8, 16, 5, 13, 1
6_23_04 4, 12, 16, 8, 5, 13
2_6_18 7, 15
7_31_10 9, 1, 5, 13, 14, 6, 10
6_11_14 10, 2, 6, 14, 11, 3
4_8_18 11, 3, 7, 15
8_28_20 13, 5, 9, 1, 14, 6, 10, 2
4_16_16 12, 4, 8, 16
3_14_14 7, 15, 3
5_28_08 7, 15, 3, 11, 12
4_14_04 6, 14, 2, 10
8_27_00 3, 11, 15, 7, 4, 12, 16, 8
3_12_00 15, 7, 3
4_22_10 7, 15, 3, 11
5_3_12 7, 15, 3, 11, 16
5_4_02 2, 10, 14, 6, 7
2_12_20 9, 1
7_12_10 8, 16, 4, 12, 13, 5, 9
2_11_20 13, 5
8_8_10 7, 15, 3, 11, 8, 16, 4, 12
2_18_12 3, 11
3_10_06 2, 10, 14
4_11_14 10, 2, 6, 14
8_15_16 12, 4, 8, 16, 9, 1, 5, 13
3_6_20 8, 16, 4
1_20_16 13
6_4_20 11, 3, 7, 15, 8, 16
4_1_18 10, 2, 6, 14
4_30_02 5, 13, 1, 9
5_10_16 11, 3, 7, 15, 8
4_15_06 7, 15, 3, 11
3_23_10 7, 15, 11
6_1_16 9, 1, 5, 13, 10, 2
5_24_18 11, 3, 7, 15, 16
6_23_06 5, 13, 1, 9, 6, 14
1_30_14 7
8_30_00 4, 12, 16, 8, 1, 9, 13, 5
6_28_18 12, 4, 8, 16, 9, 1
8_3_10 6, 14, 2, 10, 7, 15, 3, 11
7_22_22 13, 5, 9, 1, 10, 2, 6
7_24_14 9, 1, 5, 13, 14, 6, 10
8_5_00 2, 10, 14, 6, 3, 11, 15, 7
8_1_06 4, 12, 16, 8, 5, 13, 1, 9
5_29_12 10, 2, 6, 14, 7
6_2_18 10, 2, 6, 14, 7, 15
7_2_16 9, 1, 5, 13, 6, 14, 2
5_24_02 3, 11, 15, 7, 8
7_14_16 12, 4, 8, 16, 5, 13, 1
5_29_18 13, 5, 9, 1, 10
8_29_02 5, 13, 1, 9, 2, 10, 14, 6
8_23_22 13, 5, 9, 1, 14, 6, 10, 2
6_23_16 10, 2, 6, 14, 11, 3
8_1_16 9, 1, 5, 13, 10, 2, 6, 14
5_6_08 6, 14, 2, 10, 3
7_16_02 5, 13, 1, 9, 6, 14, 2
6_12_08 7, 15, 3, 11, 4, 12
7_22_14 9, 1, 5, 13, 6, 14, 2
6_25_08 7, 15, 3, 11, 8, 16
7_8_16 10, 2, 6, 14, 15, 7, 11
3_22_22 9, 1, 5
1_8_10 11
7_15_04 6, 14, 2, 10, 11, 3, 7
6_21_06 5, 13, 1, 9, 6, 14
3_9_22 14, 6, 10
4_15_04 6, 14, 2, 10
2_25_04 5, 13
7_13_20 14, 6, 10, 2, 11, 3, 7
1_9_20 13
3_28_10 4, 12, 8
4_20_18 10, 2, 6, 14
6_29_10 9, 1, 5, 13, 6, 14
4_10_00 3, 11, 15, 7
6_3_16 9, 1, 5, 13, 10, 2
3_20_16 5, 13, 9
1_12_06 10
3_6_16 6, 14, 2
7_1_18 10, 2, 6, 14, 11, 3, 7
4_7_04 4, 12, 16, 8
1_13_16 12
2_25_06 6, 14
3_18_18 6, 14, 2
6_20_12 7, 15, 3, 11, 4, 12
6_9_18 12, 4, 8, 16, 13, 5
5_2_02 2, 10, 14, 6, 15
6_8_14 9, 1, 5, 13, 6, 14
6_10_18 12, 4, 8, 16, 9, 1
6_6_14 9, 1, 5, 13, 6, 14
7_28_00 3, 11, 15, 7, 8, 16, 4
1_27_04 13
3_21_20 12, 4, 8
3_11_10 8, 16, 12
2_27_08 7, 15
6_24_10 7, 15, 3, 11, 4, 12
5_24_12 8, 16, 4, 12, 13
7_29_18 13, 5, 9, 1, 10, 2, 6
5_25_22 14, 6, 10, 2, 15
3_4_12 3, 11, 7
5_1_20 11, 3, 7, 15, 12
3_8_02 15, 7, 3
3_15_22 15, 7, 3
6_18_10 6, 14, 2, 10, 3, 11
6_26_00 3, 11, 15, 7, 16, 8
1_11_00 11
7_3_18 10, 2, 6, 14, 3, 11, 15
7_12_18 12, 4, 8, 16, 1, 9, 13
6_20_14 8, 16, 4, 12, 5, 13
4_31_04 6, 14, 2, 10
2_28_10 4, 12
5_26_08 7, 15, 3, 11, 4
5_20_04 3, 11, 15, 7, 8
3_27_16 11, 3, 15
2_17_04 3, 11
7_13_04 6, 14, 2, 10, 3, 11, 15
2_23_08 6, 14
8_7_12 8, 16, 4, 12, 9, 1, 5, 13
1_26_22 10
3_4_00 13, 5, 1
4_7_08 6, 14, 2, 10
6_22_16 10, 2, 6, 14, 7, 15
4_1_06 4, 12, 16, 8
2_27_20 13, 5
2_25_08 7, 15
2_24_04 16, 8
8_23_00 2, 10, 14, 6, 3, 11, 15, 7
8_7_22 13, 5, 9, 1, 14, 6, 10, 2
7_1_08 5, 13, 1, 9, 6, 14, 2
3_23_14 9, 1, 13
3_5_04 4, 12, 16
2_13_22 15, 7
5_18_22 12, 4, 8, 16, 9
1_27_10 16
1_28_06 10
4_5_22 13, 5, 9, 1
6_8_10 7, 15, 3, 11, 4, 12
1_2_18 6
7_21_06 5, 13, 1, 9, 6, 14, 2
7_5_12 8, 16, 4, 12, 9, 1, 5
5_24_14 9, 1, 5, 13, 14
4_19_06 4, 12, 16, 8
4_7_02 3, 11, 15, 7
5_17_12 7, 15, 3, 11, 8
8_25_08 7, 15, 3, 11, 8, 16, 4, 12
8_1_18 10, 2, 6, 14, 11, 3, 7, 15
3_20_12 3, 11, 7
1_31_04 14
7_21_00 2, 10, 14, 6, 3, 11, 15
2_16_18 9, 1
5_24_00 2, 10, 14, 6, 7
3_24_18 7, 15, 11
3_17_20 11, 3, 7
6_11_08 7, 15, 3, 11, 8, 16
7_2_04 3, 11, 15, 7, 16, 8, 12
7_9_18 12, 4, 8, 16, 13, 5, 9
4_30_18 13, 5, 9, 1
1_3_22 4
8_9_12 9, 1, 5, 13, 10, 2, 6, 14
1_12_04 9
7_9_06 6, 14, 2, 10, 7, 15, 3
4_25_00 3, 11, 15, 7
5_26_04 5, 13, 1, 9, 2
1_31_06 15
6_4_10 6, 14, 2, 10, 3, 11
4_4_00 1, 9, 13, 5
8_29_20 14, 6, 10, 2, 11, 3, 7, 15
1_22_22 9
5_19_14 8, 16, 4, 12, 1
7_15_02 5, 13, 1, 9, 10, 2, 6
7_31_18 13, 5, 9, 1, 2, 10, 14
2_17_22 12, 4
1_3_08 13
6_1_20 11, 3, 7, 15, 12, 4
1_4_10 10
8_27_14 10, 2, 6, 14, 11, 3, 7, 15
8_30_02 5, 13, 1, 9, 2, 10, 14, 6
8_27_16 11, 3, 7, 15, 12, 4, 8, 16
4_8_10 7, 15, 3, 11
8_30_12 10, 2, 6, 14, 7, 15, 3, 11
7_27_06 6, 14, 2, 10, 15, 7, 11
6_19_04 3, 11, 15, 7, 4, 12
5_28_12 9, 1, 5, 13, 14
3_21_10 7, 15, 3
1_25_16 11
1_22_12 4
2_3_02 2, 10
3_31_14 11, 3, 15
7_22_18 11, 3, 7, 15, 8, 16, 4
8_25_02 4, 12, 16, 8, 5, 13, 1, 9
2_26_02 16, 8
8_28_16 11, 3, 7, 15, 12, 4, 8, 16
3_2_06 16, 8, 12
4_31_08 8, 16, 12
3_18_12 3, 11, 15
3_12_16 7, 15, 11
1_1_14 8
6_3_22 12, 4, 8, 16, 13, 5
4_1_22 12, 4, 8, 16
6_10_10 8, 16, 4, 12, 5, 13
4_25_18 12, 4, 8, 16
4_31_22 15, 7, 11, 3
1_17_08 5
8_24_10 7, 15, 3, 11, 8, 16, 4, 12
1_27_02 12
1_7_02 11
6_31_04 6, 14, 2, 10, 3, 11
1_11_02 12
2_31_14 11, 3
7_22_10 7, 15, 3, 11, 4, 12, 16
4_5_12 8, 16, 4, 12
5_2_18 10, 2, 6, 14, 7
6_1_02 2, 10, 14, 6, 3, 11
8_4_04 3, 11, 15, 7, 4, 12, 16, 8
8_23_10 7, 15, 3, 11, 8, 16, 4, 12
7_26_22 14, 6, 10, 2, 11, 3, 7
4_12_00 3, 11, 15, 7
1_24_00 6
6_12_22 14, 6, 10, 2, 11, 3
3_20_00 13, 5, 1
5_15_20 14, 6, 10, 2, 3
5_26_16 11, 3, 7, 15, 8
2_2_10 2, 10
4_3_16 9, 1, 5, 13
7_3_02 2, 10, 14, 6, 11, 3, 7
6_10_20 13, 5, 9, 1, 10, 2
2_18_10 2, 10
1_31_16 4
7_30_00 4, 12, 16, 8, 13, 5, 9
8_24_14 9, 1, 5, 13, 10, 2, 6, 14
4_26_06 6, 14, 2, 10
3_17_00 1, 9, 13
5_19_02 2, 10, 14, 6, 11
3_26_10 4, 12, 16
1_31_18 5
2_5_00 2, 10
2_8_20 8, 16
8_23_12 8, 16, 4, 12, 9, 1, 5, 13
8_28_22 14, 6, 10, 2, 15, 7, 11, 3
1_10_12 5
6_10_00 3, 11, 15, 7, 16, 8
1_19_10 14
5_12_16 11, 3, 7, 15, 16
5_9_18 12, 4, 8, 16, 13
1_27_00 11
1_1_00 1
8_19_02 2, 10, 14, 6, 3, 11, 15, 7
8_15_22 15, 7, 11, 3, 12, 4, 8, 16
6_21_10 7, 15, 3, 11, 8, 16
7_29_20 14, 6, 10, 2, 11, 3, 7
5_2_08 5, 13, 1, 9, 2
5_22_00 2, 10, 14, 6, 15
3_19_12 7, 15, 11
3_8_18 7, 15, 11
4_13_08 8, 16, 4, 12
2_3_16 9, 1
3_29_12 10, 2, 6
8_20_18 10, 2, 6, 14, 11, 3, 7, 15
7_31_00 4, 12, 16, 8, 9, 1, 5
3_25_10 8, 16, 4
3_3_02 2, 10, 6
3_17_04 3, 11, 15
8_11_06 6, 14, 2, 10, 7, 15, 3, 11
8_27_12 9, 1, 5, 13, 10, 2, 6, 14
8_17_06 4, 12, 16, 8, 5, 13, 1, 9
5_11_22 14, 6, 10, 2, 7
4_6_22 13, 5, 9, 1
1_3_02 10
4_21_08 6, 14, 2, 10
2_31_00 4,12
5_28_02 4, 12, 16, 8, 9
4_20_02 2, 10, 14, 6
1_14_18 9
3_1_16 9, 1, 5
2_25_00 3, 11
7_27_04 5, 13, 1, 9, 14, 6, 10
4_3_20 11, 3, 7, 15
2_18_02 14, 6
3_16_02 1, 9, 5
7_13_18 13, 5, 9, 1, 10, 2, 6
6_30_04 6, 14, 2, 10, 15, 7
8_6_18 11, 3, 7, 15, 12, 4, 8, 16
5_21_06 5, 13, 1, 9, 6
2_28_12 5, 13
4_5_18 11, 3, 7, 15
7_26_12 9, 1, 5, 13, 6, 14, 2
5_11_04 5, 13, 1, 9, 14
3_4_04 15, 7, 3
4_9_22 14, 6, 10, 2
1_28_08 11
3_8_16 6, 14, 10
1_8_12 12
8_19_10 6, 14, 2, 10, 7, 15, 3, 11
4_18_20 11, 3, 7, 15
8_22_08 6, 14, 2, 10, 7, 15, 3, 11
6_17_20 11, 3, 7, 15, 12, 4
2_27_18 12, 4
6_14_14 11, 3, 7, 15, 4, 12
6_12_06 6, 14, 2, 10, 3, 11
8_21_22 13, 5, 9, 1, 14, 6, 10, 2
8_25_20 13, 5, 9, 1, 14, 6, 10, 2
1_7_06 13
3_17_22 12, 4, 8
5_13_14 11, 3, 7, 15, 8
4_13_18 13, 5, 9, 1
5_11_08 7, 15, 3, 11, 16
1_14_04 2
5_2_20 11, 3, 7, 15, 8
5_24_20 12, 4, 8, 16, 1
2_4_20 7, 15
5_18_10 6, 14, 2, 10, 3
2_9_22 14, 6
3_16_20 10, 2, 14
4_21_22 13, 5, 9, 1
5_22_02 3, 11, 15, 7, 16
6_12_18 12, 4, 8, 16, 9, 1
6_18_12 7, 15, 3, 11, 4, 12
4_3_04 3, 11, 15, 7
3_21_06 5, 13, 1
3_7_08 6, 14, 10
3_12_18 8, 16, 12
2_29_22 15, 7
3_2_08 1, 9, 13
7_14_20 14, 6, 10, 2, 7, 15, 3
4_15_22 15, 7, 11, 3
8_4_14 8, 16, 4, 12, 9, 1, 5, 13
7_26_20 13, 5, 9, 1, 10, 2, 6
7_24_06 5, 13, 1, 9, 10, 2, 6
3_25_02 4, 12, 16
4_29_16 12, 4, 8, 16
3_15_18 13, 5, 1
7_15_14 11, 3, 7, 15, 16, 8, 12
2_29_18 13, 5
8_18_22 12, 4, 8, 16, 13, 5, 9, 1
2_23_04 4, 12
6_21_02 3, 11, 15, 7, 4, 12
8_14_12 10, 2, 6, 14, 7, 15, 3, 11
5_6_16 10, 2, 6, 14, 7
1_30_04 2
2_28_20 9, 1
7_26_02 4, 12, 16, 8, 1, 9, 13
6_26_12 9, 1, 5, 13, 6, 14
4_26_04 5, 13, 1, 9
5_15_02 5, 13, 1, 9, 10
5_29_08 8, 16, 4, 12, 5
5_4_20 11, 3, 7, 15, 16
4_7_20 12, 4, 8, 16
5_11_02 4, 12, 16, 8, 13
5_11_00 3, 11, 15, 7, 12
8_3_16 9, 1, 5, 13, 10, 2, 6, 14
3_22_08 2, 10, 14
5_3_04 3, 11, 15, 7, 12
5_22_20 12, 4, 8, 16, 9
4_26_10 8, 16, 4, 12
4_11_00 3, 11, 15, 7
6_1_00 1, 9, 13, 5, 2, 10
3_22_14 5, 13, 1
3_17_14 8, 16, 4
3_30_02 1, 9, 13
4_28_18 12, 4, 8, 16
3_19_22 12, 4, 16
8_30_06 7, 15, 3, 11, 4, 12, 16, 8
2_20_10 2, 10
6_24_20 12, 4, 8, 16, 9, 1
1_5_02 3
3_23_06 5, 13, 9
1_4_04 7
1_23_00 10
2_22_04 16, 8
6_17_14 8, 16, 4, 12, 9, 1
2_20_00 13, 5
8_23_14 9, 1, 5, 13, 10, 2, 6, 14
3_15_00 4,12, 8
6_13_22 15, 7, 11, 3, 12, 4
4_13_14 11, 3, 7, 15
4_16_08 8, 16, 4, 12
1_23_02 11
1_23_16 2
8_9_18 12, 4, 8, 16, 13, 5, 9, 1
1_20_20 15
7_30_14 11, 3, 7, 15, 4, 12, 16
1_31_08 16
6_31_18 13, 5, 9, 1, 10, 2
1_30_02 1
6_27_06 6, 14, 2, 10, 7, 15
2_9_04 5, 13
3_9_00 3, 11, 15
4_17_22 12, 4, 8, 16
1_14_16 8
4_12_20 13, 5, 9, 1
8_3_04 3, 11, 15, 7, 4, 12, 16, 8
3_16_12 6, 14, 10
3_17_10 6, 14, 2
1_19_18 2
7_11_00 3, 11, 15, 7, 12, 4, 8
1_8_18 15
5_1_08 5, 13, 1, 9, 6
7_18_10 6, 14, 2, 10, 3, 11, 15
5_31_22 15, 7, 11, 3, 4
3_2_16 5, 13, 1
3_17_06 4, 12, 16
4_24_20 12, 4, 8, 16
3_14_04 2, 10, 14
2_11_12 9, 1
8_2_12 7, 15, 3, 11, 8, 16, 4, 12
4_27_06 6, 14, 2, 10
6_21_12 8, 16, 4, 12, 9, 1
5_7_08 6, 14, 2, 10, 15
1_28_20 1
8_12_22 14, 6, 10, 2, 15, 7, 11, 3
7_22_04 4, 12, 16, 8, 1, 9, 13
1_22_08 2
2_27_14 10, 2
2_4_18 6, 14
4_23_02 3, 11, 15, 7
7_2_22 12, 4, 8, 16, 9, 1, 5
5_16_22 15, 7, 11, 3, 16
3_11_18 12, 4, 16
1_29_00 4
3_25_00 3, 11, 15
6_27_04 5, 13, 1, 9, 6, 14
8_10_00 3, 11, 15, 7, 4, 12, 16, 8
8_6_20 12, 4, 8, 16, 13, 5, 9, 1
3_7_00 2, 10, 6
4_22_12 8, 16, 4, 12
5_17_14 8, 16, 4, 12, 9
5_4_08 5, 13, 1, 9, 10
2_3_00 1, 9
3_2_02 14, 6, 10
7_12_12 9, 1, 5, 13, 14, 6, 10
5_31_04 6, 14, 2, 10, 11
6_17_10 6, 14, 2, 10, 7, 15
8_19_12 7, 15, 3, 11, 8, 16, 4, 12
1_8_02 7
7_19_20 11, 3, 7, 15, 4, 12, 16
6_23_22 13, 5, 9, 1, 14, 6
1_25_02 4
6_7_00 2, 10, 14, 6, 3, 11
6_28_20 13, 5, 9, 1, 10, 2
1_2_02 14
6_15_10 9, 1, 5, 13, 6, 14
8_8_12 8, 16, 4, 12, 9, 1, 5, 13
1_30_00 16
8_29_16 12, 4, 8, 16, 9, 1, 5, 13
8_24_22 13, 5, 9, 1, 14, 6, 10, 2
3_11_22 14, 6, 2
5_4_06 4, 12, 16, 8, 9
4_30_04 6, 14, 2, 10
6_30_18 13, 5, 9, 1, 6, 14
8_26_22 14, 6, 10, 2, 15, 7, 11, 3
3_16_06 3, 11, 7
1_26_16 7
2_11_06 6, 14
3_28_00 15, 7, 3
4_17_14 8, 16, 4, 12
1_16_10 13
1_28_16 15
7_31_04 6, 14, 2, 10, 11, 3, 7
7_9_14 10, 2, 6, 14, 11, 3, 7
2_11_02 4, 12
7_23_04 4, 12, 16, 8, 13, 5, 9
6_28_00 3, 11, 15, 7, 16, 8
8_23_20 12, 4, 8, 16, 13, 5, 9, 1
3_16_16 8, 16, 12
4_26_00 3, 11, 15, 7
3_16_14 7, 15, 11
1_4_22 16
7_20_12 7, 15, 3, 11, 12, 4, 8
2_21_10 7, 15
5_22_14 9, 1, 5, 13, 6
6_11_04 5, 13, 1, 9, 6, 14
4_18_06 4, 12, 16, 8
6_7_08 6, 14, 2, 10, 7, 15
2_22_22 9, 1
7_6_22 13, 5, 9, 1, 10, 2, 6
1_27_18 4
3_17_18 10, 2, 6
8_27_06 6, 14, 2, 10, 7, 15, 3, 11
5_21_18 11, 3, 7, 15, 12
5_6_20 12, 4, 8, 16, 9
1_21_04 4
8_6_08 6, 14, 2, 10, 7, 15, 3, 11
7_8_08 6, 14, 2, 10, 11, 3, 7
6_7_22 13, 5, 9, 1, 14, 6
1_13_20 14
7_30_06 7, 15, 3, 11, 16, 8, 12
4_11_06 6, 14, 2, 10
6_19_20 11, 3, 7, 15, 12, 4
4_18_14 8, 16, 4, 12
4_26_20 13, 5, 9, 1
1_31_20 6
1_5_12 8
3_8_22 9, 1, 13
1_11_16 3
5_7_16 10, 2, 6, 14, 3
2_24_00 14, 6
2_10_20 9, 1
4_11_04 5, 13, 1, 9
6_21_08 6, 14, 2, 10, 7, 15
6_23_18 11, 3, 7, 15, 12, 4
4_23_08 6, 14, 2, 10
8_17_02 2, 10, 14, 6, 3, 11, 15, 7
5_27_20 13, 5, 9, 1, 6
2_11_22 14, 6
3_3_00 1, 9, 5
7_15_10 9, 1, 5, 13, 14, 6, 10
3_10_02 16, 8, 12
1_13_22 15
2_3_06 4, 12
4_2_00 1, 9, 13, 5
8_3_08 5, 13, 1, 9, 6, 14, 2, 10
5_10_22 14, 6, 10, 2, 11
4_10_06 6, 14, 2, 10
2_28_04 1, 9
1_24_18 15
2_22_06 1, 9
3_22_02 15, 7, 11
5_5_14 9, 1, 5, 13, 10
7_5_20 12, 4, 8, 16, 13, 5, 9
1_27_14 2
3_9_20 13, 5, 9
2_7_18 11, 3
2_24_06 1, 9
3_22_06 1, 9, 13
2_28_02 16, 8
4_1_20 11, 3, 7, 15
5_27_02 4, 12, 16, 8, 13
2_28_22 10, 2
6_5_20 12, 4, 8, 16, 13, 5
2_30_00 16, 8
7_12_14 10, 2, 6, 14, 15, 7, 11
3_8_14 5, 13, 9
7_30_04 6, 14, 2, 10, 15, 7, 11
7_1_14 8, 16, 4, 12, 9, 1, 5
1_3_18 2
8_19_18 10, 2, 6, 14, 11, 3, 7, 15
5_23_08 6, 14, 2, 10, 15
2_8_18 7, 15
8_31_04 6, 14, 2, 10, 3, 11, 15, 7
1_20_04 7
2_3_20 11, 3
5_10_14 10, 2, 6, 14, 7
2_30_14 7, 15
1_3_00 9
1_9_08 7
5_14_18 13, 5, 9, 1, 6
3_1_08 5, 13, 1
4_6_10 7, 15, 3, 11
3_31_06 7, 15, 11
2_4_08 1, 9
5_27_06 6, 14, 2, 10, 15
4_10_18 12, 4, 8, 16
2_10_08 3, 11
4_2_16 9, 1, 5, 13
3_19_18 10, 2, 14
2_6_12 4, 12
3_11_20 13, 5, 1
1_11_14 2
5_16_10 9, 1, 5, 13, 10
6_6_22 13, 5, 9, 1, 10, 2
6_10_06 6, 14, 2, 10, 3, 11
1_4_16 13
6_25_02 4, 12, 16, 8, 5, 13
2_10_00 15, 7
6_2_10 6, 14, 2, 10, 3, 11
6_15_06 7, 15, 3, 11, 4, 12
5_2_12 7, 15, 3, 11, 4
5_8_12 8, 16, 4, 12, 13
3_31_02 5, 13, 9
4_17_16 9, 1, 5, 13
7_20_08 5, 13, 1, 9, 10, 2, 6
3_2_22 8, 16, 4
4_1_02 2, 10, 14, 6
6_24_00 2, 10, 14, 6, 15, 7
7_5_16 10, 2, 6, 14, 11, 3, 7
1_27_22 6
2_9_06 6, 14
2_13_02 5, 13
7_10_06 6, 14, 2, 10, 3, 11, 15
3_9_08 7, 15, 3
8_18_08 5, 13, 1, 9, 6, 14, 2, 10
1_30_20 10
5_10_04 5, 13, 1, 9, 2
4_12_18 12, 4, 8, 16
2_3_04 3, 11
7_8_22 13, 5, 9, 1, 2, 10, 14
6_11_02 4, 12, 16, 8, 5, 13
3_1_06 4, 12, 16
1_25_04 5
2_4_06 16, 8
5_8_20 12, 4, 8, 16, 1
8_15_12 10, 2, 6, 14, 7, 15, 3, 11
1_21_20 12
3_31_08 8, 16, 12
5_20_06 4, 12, 16, 8, 9
5_13_16 12, 4, 8, 16, 9
3_29_04 6, 14, 2
2_9_16 11, 3
5_1_00 1, 9, 13, 5, 2
8_1_10 6, 14, 2, 10, 7, 15, 3, 11
5_7_10 7, 15, 3, 11, 16
3_22_16 6, 14, 2
3_7_10 7, 15, 11
6_2_00 1, 9, 13, 5, 14, 6
7_17_14 8, 16, 4, 12, 9, 1, 5
1_12_20 1
2_4_04 15, 7
8_2_06 4, 12, 16, 8, 5, 13, 1, 9
1_24_20 16
5_31_02 5, 13, 1, 9, 10
5_26_22 14, 6, 10, 2, 11
3_30_04 2, 10, 14
3_20_02 14, 6, 2
7_19_10 6, 14, 2, 10, 15, 7, 11
2_20_02 14, 6
2_5_22 13, 5
3_21_12 8, 16, 4
3_2_10 2, 10, 14
8_3_06 4, 12, 16, 8, 5, 13, 1, 9
4_31_10 9, 1, 5, 13
3_29_06 7, 15, 3
7_31_20 14, 6, 10, 2, 3, 11, 15
3_30_10 5, 13, 1
7_9_16 11, 3, 7, 15, 12, 4, 8
8_13_00 4, 12, 16, 8, 1, 9, 13, 5
1_16_20 2
7_1_16 9, 1, 5, 13, 10, 2, 6
4_9_06 6, 14, 2, 10
8_5_16 10, 2, 6, 14, 11, 3, 7, 15
8_25_22 14, 6, 10, 2, 15, 7, 11, 3
2_17_12 7, 15
6_31_08 8, 16, 4, 12, 5, 13
7_2_06 4, 12, 16, 8, 1, 9, 13
3_25_04 5, 13, 1
2_15_10 9, 1
2_11_04 5, 13
6_22_08 6, 14, 2, 10, 3, 11
6_16_08 8, 16, 4, 12, 1, 9
5_20_00 1, 9, 13, 5, 6
7_28_18 12, 4, 8, 16, 1, 9, 13
2_16_16 8, 16
4_30_00 4,12, 16, 8
5_23_14 9, 1, 5, 13, 2
3_21_16 10, 2, 6
8_20_16 9, 1, 5, 13, 10, 2, 6, 14
4_31_06 7, 15, 3, 11
2_31_22 15, 7
5_22_04 4, 12, 16, 8, 1
7_11_06 6, 14, 2, 10, 15, 7, 11
7_18_14 8, 16, 4, 12, 5, 13, 1
8_9_22 14, 6, 10, 2, 15, 7, 11, 3
6_23_00 2, 10, 14, 6, 3, 11
2_2_18 6, 14
1_17_14 8
8_26_04 5, 13, 1, 9, 6, 14, 2, 10
2_24_08 2, 10
5_12_20 13, 5, 9, 1, 2
4_29_04 6, 14, 2, 10
5_8_18 11, 3, 7, 15, 16
3_23_20 12, 4, 16
1_10_08 3
7_3_16 9, 1, 5, 13, 2, 10, 14
2_11_14 10, 2
8_24_12 8, 16, 4, 12, 9, 1, 5, 13
7_3_00 1, 9, 13, 5, 10, 2, 6
8_28_06 6, 14, 2, 10, 7, 15, 3, 11
7_30_02 5, 13, 1, 9, 14, 6, 10
3_29_20 14, 6, 10
6_15_16 12, 4, 8, 16, 9, 1
1_14_22 11
5_6_06 5, 13, 1, 9, 2
7_7_22 13, 5, 9, 1, 6, 14, 2
