4_20_10 6, 14, 2, 10
1_17_10 6
1_20_02 6
6_5_00 2, 10, 14, 6, 3, 11
2_25_02 4, 12
8_4_14 8, 16, 4, 12, 9, 1, 5, 13
1_1_12 7
1_10_10 4
7_9_14 10, 2, 6, 14, 11, 3, 7
1_5_12 8
1_8_08 10
6_24_08 6, 14, 2, 10, 3, 11
2_13_08 8, 16
6_16_12 10, 2, 6, 14, 3, 11
3_2_12 3, 11, 15
5_4_06 4, 12, 16, 8, 9
8_12_10 8, 16, 4, 12, 9, 1, 5, 13
3_24_14 5, 13, 9
4_31_12 10, 2, 6, 14
2_29_04 6, 14
5_17_14 8, 16, 4, 12, 9
5_2_12 7, 15, 3, 11, 4
3_24_22 9, 1, 13
5_28_12 9, 1, 5, 13, 14
2_1_16 9, 1
6_6_14 9, 1, 5, 13, 6, 14
4_15_14 11, 3, 7, 15
7_28_12 9, 1, 5, 13, 14, 6, 10
3_25_18 12, 4, 8
2_5_16 10, 2
2_15_18 13, 5
2_28_18 8, 16
6_11_08 7, 15, 3, 11, 8, 16
4_9_00 3, 11, 15, 7
6_27_02 4, 12, 16, 8, 5, 13
3_2_16 5, 13, 1
6_15_02 5, 13, 1, 9, 2, 10
5_3_18 10, 2, 6, 14, 3
5_25_20 13, 5, 9, 1, 14
4_4_00 1, 9, 13, 5
4_8_08 6, 14, 2, 10
6_30_20 14, 6, 10, 2, 7, 15
2_8_02 15, 7
8_8_00 2, 10, 14, 6, 3, 11, 15, 7
5_5_02 3, 11, 15, 7, 4
2_12_20 9, 1
5_27_20 13, 5, 9, 1, 6
5_12_22 14, 6, 10, 2, 3
4_25_08 7, 15, 3, 11
7_5_16 10, 2, 6, 14, 11, 3, 7
8_28_06 6, 14, 2, 10, 7, 15, 3, 11
3_13_00 4,12, 16
2_24_16 6, 14
4_19_18 10, 2, 6, 14
8_29_04 6, 14, 2, 10, 3, 11, 15, 7
5_20_02 2, 10, 14, 6, 7
5_6_08 6, 14, 2, 10, 3
4_22_02 3, 11, 15, 7
3_22_06 1, 9, 13
2_2_20 7, 15
8_13_16 12, 4, 8, 16, 9, 1, 5, 13
5_18_00 1, 9, 13, 5, 14
4_16_06 7, 15, 3, 11
8_15_22 15, 7, 11, 3, 12, 4, 8, 16
4_19_08 5, 13, 1, 9
7_2_16 9, 1, 5, 13, 6, 14, 2
8_29_06 7, 15, 3, 11, 4, 12, 16, 8
4_21_00 2, 10, 14, 6
4_14_08 8, 16, 4, 12
7_5_22 13, 5, 9, 1, 14, 6, 10
8_15_20 14, 6, 10, 2, 11, 3, 7, 15
2_30_08 4, 12
6_13_16 12, 4, 8, 16, 9, 1
7_2_22 12, 4, 8, 16, 9, 1, 5
2_6_18 7, 15
1_1_18 10
7_12_22 14, 6, 10, 2, 3, 11, 15
1_19_04 11
6_7_00 2, 10, 14, 6, 3, 11
1_21_10 7
1_12_16 15
4_31_16 12, 4, 8, 16
3_2_14 4, 12, 16
1_20_08 9
7_14_12 10, 2, 6, 14, 3, 11, 15
8_4_00 1, 9, 13, 5, 2, 10, 14, 6
5_14_12 10, 2, 6, 14, 3
4_3_14 8, 16, 4, 12
4_8_20 12, 4, 8, 16
4_30_10 9, 1, 5, 13
3_30_22 11, 3, 7
2_5_20 12, 4
4_5_08 6, 14, 2, 10
6_1_02 2, 10, 14, 6, 3, 11
3_20_12 3, 11, 7
6_31_12 10, 2, 6, 14, 7, 15
3_30_00 16, 8, 12
6_3_12 7, 15, 3, 11, 8, 16
1_5_22 13
3_21_10 7, 15, 3
7_19_16 9, 1, 5, 13, 2, 10, 14
7_13_04 6, 14, 2, 10, 3, 11, 15
8_5_06 5, 13, 1, 9, 6, 14, 2, 10
2_4_00 13, 5
6_7_06 5, 13, 1, 9, 6, 14
7_4_20 11, 3, 7, 15, 16, 8, 12
4_16_16 12, 4, 8, 16
1_28_06 10
6_24_04 4, 12, 16, 8, 1, 9
4_20_06 4, 12, 16, 8
7_24_12 8, 16, 4, 12, 13, 5, 9
1_20_00 5
1_15_20 6
4_7_06 5, 13, 1, 9
4_25_18 12, 4, 8, 16
1_12_08 11
8_24_06 5, 13, 1, 9, 6, 14, 2, 10
7_10_14 10, 2, 6, 14, 7, 15, 3
6_9_10 8, 16, 4, 12, 9, 1
3_16_14 7, 15, 11
5_16_10 9, 1, 5, 13, 10
3_9_06 6, 14, 2
2_18_22 8, 16
1_25_14 10
4_17_04 3, 11, 15, 7
6_9_12 9, 1, 5, 13, 10, 2
8_18_20 11, 3, 7, 15, 12, 4, 8, 16
3_11_10 8, 16, 12
7_15_10 9, 1, 5, 13, 14, 6, 10
7_31_20 14, 6, 10, 2, 3, 11, 15
8_10_18 12, 4, 8, 16, 13, 5, 9, 1
5_30_02 5, 13, 1, 9, 14
4_6_06 5, 13, 1, 9
3_1_18 10, 2, 6
4_14_14 11, 3, 7, 15
1_15_16 4
4_4_20 11, 3, 7, 15
6_20_02 2, 10, 14, 6, 15, 7
8_1_02 2, 10, 14, 6, 3, 11, 15, 7
1_24_02 7
6_19_10 6, 14, 2, 10, 7, 15
3_25_10 8, 16, 4
2_16_12 6, 14
4_6_16 10, 2, 6, 14
4_10_02 4, 12, 16, 8
3_21_08 6, 14, 2
8_4_12 7, 15, 3, 11, 8, 16, 4, 12
8_23_06 5, 13, 1, 9, 6, 14, 2, 10
6_1_20 11, 3, 7, 15, 12, 4
3_21_02 3, 11, 15
3_23_02 3, 11, 7
5_30_20 14, 6, 10, 2, 7
6_12_00 3, 11, 15, 7, 16, 8
1_22_18 7
1_10_14 6
7_11_06 6, 14, 2, 10, 15, 7, 11
8_29_12 10, 2, 6, 14, 7, 15, 3, 11
5_12_20 13, 5, 9, 1, 2
3_2_02 14, 6, 10
3_29_06 7, 15, 3
4_13_20 14, 6, 10, 2
3_29_18 13, 5, 9
8_9_06 6, 14, 2, 10, 7, 15, 3, 11
3_21_18 11, 3, 7
7_1_06 4, 12, 16, 8, 5, 13, 1
2_5_04 4, 12
1_4_20 15
2_19_16 9, 1
5_1_02 2, 10, 14, 6, 3
4_9_16 11, 3, 7, 15
3_5_22 13, 5, 9
2_9_06 6, 14
5_25_16 11, 3, 7, 15, 12
1_1_06 4
4_1_04 3, 11, 15, 7
6_2_20 11, 3, 7, 15, 8, 16
7_10_16 11, 3, 7, 15, 8, 16, 4
8_8_16 10, 2, 6, 14, 11, 3, 7, 15
4_20_02 2, 10, 14, 6
7_25_04 5, 13, 1, 9, 6, 14, 2
8_6_00 2, 10, 14, 6, 3, 11, 15, 7
8_18_00 1, 9, 13, 5, 2, 10, 14, 6
2_9_22 14, 6
4_14_12 10, 2, 6, 14
8_14_18 13, 5, 9, 1, 10, 2, 6, 14
1_14_18 9
8_3_20 11, 3, 7, 15, 12, 4, 8, 16
5_29_04 6, 14, 2, 10, 3
5_27_16 11, 3, 7, 15, 4
1_21_20 12
3_24_00 14, 6, 2
7_30_18 13, 5, 9, 1, 6, 14, 2
8_2_08 5, 13, 1, 9, 6, 14, 2, 10
4_21_02 3, 11, 15, 7
3_8_08 2, 10, 6
8_2_06 4, 12, 16, 8, 5, 13, 1, 9
1_20_22 16
1_9_22 14
3_30_14 7, 15, 3
8_7_20 12, 4, 8, 16, 13, 5, 9, 1
8_10_22 14, 6, 10, 2, 15, 7, 11, 3
4_21_18 11, 3, 7, 15
5_25_18 12, 4, 8, 16, 13
8_3_06 4, 12, 16, 8, 5, 13, 1, 9
6_5_18 11, 3, 7, 15, 12, 4
8_28_18 12, 4, 8, 16, 13, 5, 9, 1
5_7_10 7, 15, 3, 11, 16
1_27_14 2
6_17_00 1, 9, 13, 5, 2, 10
5_9_16 11, 3, 7, 15, 12
5_28_14 10, 2, 6, 14, 15
4_30_16 12, 4, 8, 16
8_19_08 5, 13, 1, 9, 6, 14, 2, 10
4_4_16 9, 1, 5, 13
1_19_18 2
4_28_06 6, 14, 2, 10
7_21_12 8, 16, 4, 12, 9, 1, 5
4_11_18 12, 4, 8, 16
8_13_10 9, 1, 5, 13, 6, 14, 2, 10
5_13_00 4, 12, 16, 8, 1
5_13_18 13, 5, 9, 1, 10
3_25_00 3, 11, 15
8_20_06 4, 12, 16, 8, 5, 13, 1, 9
5_2_06 4, 12, 16, 8, 1
4_15_08 8, 16, 12
1_27_20 5
1_13_10 9
4_31_20 14, 6, 10, 2
5_30_04 6, 14, 2, 10, 15
8_31_04 6, 14, 2, 10, 3, 11, 15, 7
4_1_02 2, 10, 14, 6
4_13_22 15, 7, 11, 3
1_20_20 15
8_8_20 12, 4, 8, 16, 13, 5, 9, 1
1_26_14 6
4_8_00 2, 10, 14, 6
8_2_12 7, 15, 3, 11, 8, 16, 4, 12
5_31_06 7, 15, 3, 11, 12
7_28_14 10, 2, 6, 14, 15, 7, 11
8_11_10 8, 16, 4, 12, 9, 1, 5, 13
4_13_18 13, 5, 9, 1
4_30_02 5, 13, 1, 9
8_24_12 8, 16, 4, 12, 9, 1, 5, 13
7_5_12 8, 16, 4, 12, 9, 1, 5
7_30_14 11, 3, 7, 15, 4, 12, 16
1_5_02 3
4_22_06 5, 13, 1, 9
8_27_22 14, 6, 10, 2, 15, 7, 11, 3
5_9_00 3, 11, 15, 7, 4
2_26_06 2, 10
2_24_08 2, 10
8_3_18 10, 2, 6, 14, 11, 3, 7, 15
8_24_22 13, 5, 9, 1, 14, 6, 10, 2
2_16_16 8, 16
6_14_18 13, 5, 9, 1, 6, 14
1_7_08 14
7_12_18 12, 4, 8, 16, 1, 9, 13
8_11_22 14, 6, 10, 2, 15, 7, 11, 3
5_2_20 11, 3, 7, 15, 8
7_4_18 10, 2, 6, 14, 15, 7, 11
3_10_08 3, 11, 15
1_29_02 5
4_20_16 9, 1, 5, 13
5_12_10 8, 16, 4, 12, 13
2_1_04 3, 11
3_31_02 5, 13, 9
1_7_18 3
1_5_06 5
4_17_10 6, 14, 2, 10
5_10_20 13, 5, 9, 1, 10
4_7_16 10, 2, 6, 14
1_4_18 14
7_27_04 5, 13, 1, 9, 14, 6, 10
3_26_08 3, 11, 15
2_22_18 7, 15
6_1_10 6, 14, 2, 10, 7, 15
3_26_18 8, 16, 4
8_14_10 9, 1, 5, 13, 6, 14, 2, 10
3_1_02 2, 10, 14
3_7_18 11, 3, 15
7_21_06 5, 13, 1, 9, 6, 14, 2
3_27_06 6, 14, 10
1_31_08 16
8_6_08 6, 14, 2, 10, 7, 15, 3, 11
3_11_06 6, 14, 10
6_31_22 15, 7, 11, 3, 12, 4
1_5_10 7
7_14_20 14, 6, 10, 2, 7, 15, 3
5_13_22 15, 7, 11, 3, 12
6_1_14 8, 16, 4, 12, 9, 1
6_9_02 4, 12, 16, 8, 5, 13
8_20_12 7, 15, 3, 11, 8, 16, 4, 12
8_22_14 9, 1, 5, 13, 10, 2, 6, 14
3_29_00 4,12, 16
7_26_08 7, 15, 3, 11, 4, 12, 16
5_31_14 11, 3, 7, 15, 16
8_29_00 4, 12, 16, 8, 1, 9, 13, 5
1_5_08 6
