3_16_08 4, 12, 8
5_20_00 1, 9, 13, 5, 6
5_10_14 10, 2, 6, 14, 7
1_7_12 16
8_9_08 7, 15, 3, 11, 8, 16, 4, 12
8_24_00 2, 10, 14, 6, 3, 11, 15, 7
1_16_00 8
6_14_22 15, 7, 11, 3, 8, 16
5_28_14 10, 2, 6, 14, 15
6_29_08 8, 16, 4, 12, 5, 13
8_28_06 6, 14, 2, 10, 7, 15, 3, 11
3_17_14 8, 16, 4
1_30_16 8
3_16_18 9, 1, 13
1_7_02 11
1_1_22 12
2_7_18 11, 3
5_16_00 4, 12, 16, 8, 5
6_10_20 13, 5, 9, 1, 10, 2
8_30_12 10, 2, 6, 14, 7, 15, 3, 11
2_28_00 15, 7
1_13_22 15
8_27_18 12, 4, 8, 16, 13, 5, 9, 1
7_18_18 10, 2, 6, 14, 7, 15, 3
4_24_04 4, 12, 16, 8
2_15_02 5, 13
3_21_06 5, 13, 1
4_7_20 12, 4, 8, 16
8_31_10 9, 1, 5, 13, 6, 14, 2, 10
5_31_04 6, 14, 2, 10, 11
7_13_10 9, 1, 5, 13, 6, 14, 2
1_1_02 2
4_2_04 3, 11, 15, 7
4_20_00 1, 9, 13, 5
3_28_00 15, 7, 3
8_26_04 5, 13, 1, 9, 6, 14, 2, 10
7_16_04 6, 14, 2, 10, 7, 15, 3
6_16_12 10, 2, 6, 14, 3, 11
4_25_02 4, 12, 16, 8
4_21_04 4, 12, 16, 8
4_15_08 8, 16, 12
3_5_20 12, 4, 8
2_2_04 15, 7
2_19_14 8, 16
1_28_16 15
4_29_14 11, 3, 7, 15
1_24_00 6
8_7_20 12, 4, 8, 16, 13, 5, 9, 1
6_28_02 4, 12, 16, 8, 1, 9
1_6_16 6
4_16_08 8, 16, 4, 12
4_28_08 7, 15, 3, 11
6_26_02 4, 12, 16, 8, 1, 9
5_30_08 8, 16, 4, 12, 1
4_29_06 7, 15, 3, 11
2_12_18 8, 16
7_16_18 13, 5, 9, 1, 14, 6, 10
3_15_14 11, 3, 15
1_5_16 10
1_2_12 3
6_25_02 4, 12, 16, 8, 5, 13
8_23_12 8, 16, 4, 12, 9, 1, 5, 13
8_25_06 6, 14, 2, 10, 7, 15, 3, 11
1_20_06 8
6_3_14 8, 16, 4, 12, 9, 1
2_15_16 12, 4
6_15_12 10, 2, 6, 14, 7, 15
1_9_20 13
7_13_20 14, 6, 10, 2, 11, 3, 7
5_13_12 10, 2, 6, 14, 7
3_17_22 12, 4, 8
1_18_02 14
7_23_00 2, 10, 14, 6, 11, 3, 7
4_28_20 13, 5, 9, 1
5_5_00 2, 10, 14, 6, 3
5_17_08 5, 13, 1, 9, 6
6_23_14 9, 1, 5, 13, 10, 2
7_7_08 6, 14, 2, 10, 15, 7, 11
5_23_06 5, 13, 1, 9, 14
6_16_06 7, 15, 3, 11, 16, 8
6_11_04 5, 13, 1, 9, 6, 14
2_14_18 9, 1
6_18_18 10, 2, 6, 14, 7, 15
6_19_10 6, 14, 2, 10, 7, 15
2_6_02 15, 7
3_22_16 6, 14, 2
2_15_00 4,12
1_20_10 10
5_12_22 14, 6, 10, 2, 3
1_23_00 10
1_21_00 2
8_28_08 7, 15, 3, 11, 8, 16, 4, 12
7_1_16 9, 1, 5, 13, 10, 2, 6
5_9_06 6, 14, 2, 10, 7
7_26_02 4, 12, 16, 8, 1, 9, 13
6_8_14 9, 1, 5, 13, 6, 14
4_7_18 11, 3, 7, 15
7_9_06 6, 14, 2, 10, 7, 15, 3
3_31_18 13, 5, 1
5_25_12 9, 1, 5, 13, 10
1_30_08 4
7_1_08 5, 13, 1, 9, 6, 14, 2
2_13_16 12, 4
5_26_22 14, 6, 10, 2, 11
2_9_22 14, 6
1_13_06 7
7_18_06 4, 12, 16, 8, 1, 9, 13
7_12_22 14, 6, 10, 2, 3, 11, 15
1_18_04 15
7_14_06 7, 15, 3, 11, 16, 8, 12
2_1_22 12, 4
4_16_06 7, 15, 3, 11
8_3_22 12, 4, 8, 16, 13, 5, 9, 1
5_19_06 4, 12, 16, 8, 13
7_29_16 12, 4, 8, 16, 9, 1, 5
7_22_12 8, 16, 4, 12, 5, 13, 1
5_2_14 8, 16, 4, 12, 5
5_28_22 14, 6, 10, 2, 3
3_3_08 5, 13, 9
7_2_14 8, 16, 4, 12, 5, 13, 1
4_11_02 4, 12, 16, 8
6_31_12 10, 2, 6, 14, 7, 15
2_16_00 16, 8
1_30_22 11
8_8_08 6, 14, 2, 10, 7, 15, 3, 11
4_29_12 10, 2, 6, 14
6_2_16 9, 1, 5, 13, 6, 14
3_1_00 1, 9, 13
8_3_20 11, 3, 7, 15, 12, 4, 8, 16
4_5_14 9, 1, 5, 13
4_18_14 8, 16, 4, 12
3_17_04 3, 11, 15
8_22_18 11, 3, 7, 15, 12, 4, 8, 16
3_8_14 5, 13, 9
5_26_06 6, 14, 2, 10, 3
4_23_12 8, 16, 4, 12
7_29_20 14, 6, 10, 2, 11, 3, 7
3_29_00 4,12, 16
8_24_16 10, 2, 6, 14, 11, 3, 7, 15
4_1_10 6, 14, 2, 10
8_21_16 10, 2, 6, 14, 11, 3, 7, 15
8_14_22 15, 7, 11, 3, 12, 4, 8, 16
6_22_14 9, 1, 5, 13, 6, 14
1_31_12 2
6_11_14 10, 2, 6, 14, 11, 3
3_6_00 14, 6, 10
5_20_18 10, 2, 6, 14, 15
3_17_20 11, 3, 7
4_23_06 5, 13, 1, 9
6_20_10 6, 14, 2, 10, 3, 11
4_22_08 6, 14, 2, 10
1_13_16 12
7_28_06 6, 14, 2, 10, 11, 3, 7
6_10_10 8, 16, 4, 12, 5, 13
1_4_16 13
3_9_10 8, 16, 4
3_28_22 10, 2, 14
6_13_14 11, 3, 7, 15, 8, 16
4_25_20 13, 5, 9, 1
5_6_08 6, 14, 2, 10, 3
1_13_02 5
7_16_16 12, 4, 8, 16, 13, 5, 9
3_30_20 10, 2, 6
6_28_14 10, 2, 6, 14, 7, 15
1_31_22 7
6_1_18 10, 2, 6, 14, 11, 3
1_10_10 4
3_12_02 16, 8, 4
1_26_08 3
1_9_18 12
2_8_14 5, 13
3_15_08 8, 16, 12
1_27_12 1
8_25_14 10, 2, 6, 14, 11, 3, 7, 15
1_22_00 14
5_27_18 12, 4, 8, 16, 5
8_15_18 13, 5, 9, 1, 10, 2, 6, 14
6_6_20 12, 4, 8, 16, 9, 1
3_27_02 4, 12, 8
8_6_18 11, 3, 7, 15, 12, 4, 8, 16
7_29_14 11, 3, 7, 15, 8, 16, 4
6_8_18 11, 3, 7, 15, 8, 16
4_11_20 13, 5, 9, 1
2_24_14 5, 13
6_5_14 9, 1, 5, 13, 10, 2
5_3_16 9, 1, 5, 13, 2
8_28_02 4, 12, 16, 8, 5, 13, 1, 9
5_10_04 5, 13, 1, 9, 2
2_23_22 13, 5
8_13_06 7, 15, 3, 11, 4, 12, 16, 8
1_15_16 4
7_19_00 1, 9, 13, 5, 10, 2, 6
6_28_18 12, 4, 8, 16, 9, 1
6_5_18 11, 3, 7, 15, 12, 4
2_1_18 10, 2
8_6_10 7, 15, 3, 11, 8, 16, 4, 12
6_27_06 6, 14, 2, 10, 7, 15
6_3_12 7, 15, 3, 11, 8, 16
6_9_12 9, 1, 5, 13, 10, 2
6_23_00 2, 10, 14, 6, 3, 11
2_16_14 7, 15
2_6_10 3, 11
1_16_12 14
1_13_04 6
8_4_08 5, 13, 1, 9, 6, 14, 2, 10
8_26_00 3, 11, 15, 7, 4, 12, 16, 8
7_30_00 4, 12, 16, 8, 13, 5, 9
2_1_16 9, 1
6_17_22 12, 4, 8, 16, 13, 5
7_19_10 6, 14, 2, 10, 15, 7, 11
8_8_16 10, 2, 6, 14, 11, 3, 7, 15
7_7_18 11, 3, 7, 15, 4, 12, 16
2_29_12 10, 2
2_6_18 7, 15
2_5_00 2, 10
4_22_00 2, 10, 14, 6
5_4_14 8, 16, 4, 12, 13
6_9_20 13, 5, 9, 1, 14, 6
7_30_12 10, 2, 6, 14, 3, 11, 15
3_3_18 10, 2, 14
8_2_10 6, 14, 2, 10, 7, 15, 3, 11
4_11_12 9, 1, 5, 13
2_20_06 16, 8
4_31_12 10, 2, 6, 14
6_3_08 5, 13, 1, 9, 6, 14
6_17_18 10, 2, 6, 14, 11, 3
4_28_12 9, 1, 5, 13
7_20_18 10, 2, 6, 14, 15, 7, 11
3_23_16 10, 2, 14
8_20_14 8, 16, 4, 12, 9, 1, 5, 13
5_27_22 14, 6, 10, 2, 7
6_31_20 14, 6, 10, 2, 11, 3
2_3_14 8, 16
1_4_12 11
4_14_08 8, 16, 4, 12
1_13_20 14
4_4_10 6, 14, 2, 10
4_17_22 12, 4, 8, 16
7_4_10 6, 14, 2, 10, 11, 3, 7
6_13_16 12, 4, 8, 16, 9, 1
8_18_08 5, 13, 1, 9, 6, 14, 2, 10
7_5_20 12, 4, 8, 16, 13, 5, 9
5_2_18 10, 2, 6, 14, 7
6_20_16 9, 1, 5, 13, 6, 14
1_17_12 7
7_14_00 4, 12, 16, 8, 13, 5, 9
6_4_00 1, 9, 13, 5, 14, 6
2_27_08 7, 15
7_16_20 14, 6, 10, 2, 15, 7, 11
3_13_20 14, 6, 10
5_6_16 10, 2, 6, 14, 7
8_31_02 5, 13, 1, 9, 2, 10, 14, 6
2_13_04 6, 14
6_24_22 13, 5, 9, 1, 10, 2
6_13_00 4, 12, 16, 8, 1, 9
7_31_04 6, 14, 2, 10, 11, 3, 7
8_26_16 11, 3, 7, 15, 12, 4, 8, 16
7_15_08 8, 16, 4, 12, 13, 5, 9
4_7_04 4, 12, 16, 8
2_13_08 8, 16
2_4_12 3, 11
2_21_10 7, 15
4_17_10 6, 14, 2, 10
8_31_20 14, 6, 10, 2, 11, 3, 7, 15
6_16_08 8, 16, 4, 12, 1, 9
6_6_14 9, 1, 5, 13, 6, 14
2_11_02 4, 12
7_14_04 6, 14, 2, 10, 15, 7, 11
7_27_06 6, 14, 2, 10, 15, 7, 11
1_19_18 2
7_17_00 1, 9, 13, 5, 2, 10, 14
7_15_14 11, 3, 7, 15, 16, 8, 12
5_30_16 12, 4, 8, 16, 5
8_10_10 8, 16, 4, 12, 9, 1, 5, 13
5_24_04 4, 12, 16, 8, 9
1_14_08 4
4_24_12 8, 16, 4, 12
4_16_02 5, 13, 1, 9
6_19_08 5, 13, 1, 9, 6, 14
1_4_20 15
4_28_00 3, 11, 15, 7
1_11_10 16
5_29_20 14, 6, 10, 2, 11
7_26_16 11, 3, 7, 15, 8, 16, 4
7_3_10 6, 14, 2, 10, 15, 7, 11
1_26_10 4
6_23_10 7, 15, 3, 11, 8, 16
6_6_08 6, 14, 2, 10, 3, 11
5_23_18 11, 3, 7, 15, 4
2_21_04 4, 12
7_25_10 8, 16, 4, 12, 9, 1, 5
3_14_22 11, 3, 7
1_20_14 12
5_26_20 13, 5, 9, 1, 10
1_16_02 9
4_23_14 9, 1, 5, 13
2_21_20 12, 4
6_15_02 5, 13, 1, 9, 2, 10
2_28_02 16, 8
6_8_02 3, 11, 15, 7, 16, 8
6_23_22 13, 5, 9, 1, 14, 6
5_6_14 9, 1, 5, 13, 6
2_13_02 5, 13
1_2_06 16
8_29_18 13, 5, 9, 1, 10, 2, 6, 14
1_19_10 14
1_13_10 9
5_10_18 12, 4, 8, 16, 9
4_17_08 5, 13, 1, 9
2_3_18 10, 2
6_29_10 9, 1, 5, 13, 6, 14
8_28_10 8, 16, 4, 12, 9, 1, 5, 13
3_10_12 5, 13, 1
2_25_04 5, 13
8_20_04 3, 11, 15, 7, 4, 12, 16, 8
8_26_12 9, 1, 5, 13, 10, 2, 6, 14
5_23_02 3, 11, 15, 7, 12
2_6_14 5, 13
8_27_20 13, 5, 9, 1, 14, 6, 10, 2
6_31_10 9, 1, 5, 13, 6, 14
6_13_06 7, 15, 3, 11, 4, 12
6_20_08 5, 13, 1, 9, 2, 10
8_21_12 8, 16, 4, 12, 9, 1, 5, 13
8_23_08 6, 14, 2, 10, 7, 15, 3, 11
8_30_16 12, 4, 8, 16, 9, 1, 5, 13
7_6_02 3, 11, 15, 7, 16, 8, 12
4_19_08 5, 13, 1, 9
5_27_12 9, 1, 5, 13, 2
3_11_22 14, 6, 2
2_22_00 14, 6
8_17_18 10, 2, 6, 14, 11, 3, 7, 15
2_22_20 8, 16
1_26_18 8
8_2_06 4, 12, 16, 8, 5, 13, 1, 9
5_30_12 10, 2, 6, 14, 3
4_7_06 5, 13, 1, 9
2_5_04 4, 12
3_30_08 4, 12, 16
3_22_18 7, 15, 3
1_20_20 15
8_25_16 11, 3, 7, 15, 12, 4, 8, 16
7_26_06 6, 14, 2, 10, 3, 11, 15
5_24_22 13, 5, 9, 1, 2
3_24_20 8, 16, 12
8_9_02 4, 12, 16, 8, 5, 13, 1, 9
6_17_10 6, 14, 2, 10, 7, 15
3_4_18 6, 14, 10
7_29_22 15, 7, 11, 3, 12, 4, 8
3_20_04 15, 7, 3
4_6_18 11, 3, 7, 15
6_2_10 6, 14, 2, 10, 3, 11
7_16_02 5, 13, 1, 9, 6, 14, 2
5_16_18 13, 5, 9, 1, 14
1_23_14 1
3_2_20 7, 15, 3
8_14_00 4, 12, 16, 8, 1, 9, 13, 5
7_20_02 2, 10, 14, 6, 7, 15, 3
3_29_18 13, 5, 9
7_25_04 5, 13, 1, 9, 6, 14, 2
2_12_06 2, 10
4_29_20 14, 6, 10, 2
5_20_04 3, 11, 15, 7, 8
8_12_10 8, 16, 4, 12, 9, 1, 5, 13
7_31_14 11, 3, 7, 15, 16, 8, 12
5_9_18 12, 4, 8, 16, 13
3_12_18 8, 16, 12
4_6_16 10, 2, 6, 14
1_13_12 10
7_29_18 13, 5, 9, 1, 10, 2, 6
7_18_12 7, 15, 3, 11, 4, 12, 16
2_7_14 9, 1
6_19_04 3, 11, 15, 7, 4, 12
5_11_08 7, 15, 3, 11, 16
3_19_04 3, 11, 7
5_19_12 7, 15, 3, 11, 16
7_6_22 13, 5, 9, 1, 10, 2, 6
6_27_22 14, 6, 10, 2, 15, 7
5_8_18 11, 3, 7, 15, 16
8_15_08 8, 16, 4, 12, 5, 13, 1, 9
5_13_06 7, 15, 3, 11, 4
2_4_10 2, 10
7_22_10 7, 15, 3, 11, 4, 12, 16
4_26_22 14, 6, 10, 2
4_28_10 8, 16, 4, 12
6_5_20 12, 4, 8, 16, 13, 5
1_16_10 13
1_18_10 2
2_19_00 1, 9
3_24_16 6, 14, 10
5_3_08 5, 13, 1, 9, 14
2_17_00 1, 9
5_12_10 8, 16, 4, 12, 13
2_27_14 10, 2
4_15_20 14, 6, 10, 2
7_28_18 12, 4, 8, 16, 1, 9, 13
5_3_14 8, 16, 4, 12, 1
8_20_16 9, 1, 5, 13, 10, 2, 6, 14
8_27_02 4, 12, 16, 8, 5, 13, 1, 9
6_26_22 14, 6, 10, 2, 11, 3
1_10_20 9
5_6_02 3, 11, 15, 7, 16
6_25_00 3, 11, 15, 7, 4, 12
8_18_22 12, 4, 8, 16, 13, 5, 9, 1
1_17_02 2
3_29_22 15, 7, 11
7_5_06 5, 13, 1, 9, 6, 14, 2
6_21_06 5, 13, 1, 9, 6, 14
8_10_14 10, 2, 6, 14, 11, 3, 7, 15
4_27_08 7, 15, 3, 11
2_15_22 15, 7
8_4_10 6, 14, 2, 10, 7, 15, 3, 11
7_21_12 8, 16, 4, 12, 9, 1, 5
1_20_22 16
3_8_20 8, 16, 12
4_25_22 14, 6, 10, 2
6_22_04 4, 12, 16, 8, 1, 9
1_23_18 3
2_13_22 15, 7
8_12_12 9, 1, 5, 13, 10, 2, 6, 14
5_9_10 8, 16, 4, 12, 9
5_3_02 2, 10, 14, 6, 11
2_9_16 11, 3
6_27_04 5, 13, 1, 9, 6, 14
6_24_14 9, 1, 5, 13, 6, 14
3_1_04 3, 11, 15
3_3_10 6, 14, 10
7_6_18 11, 3, 7, 15, 8, 16, 4
2_26_08 3, 11
7_17_20 11, 3, 7, 15, 12, 4, 8
8_15_06 7, 15, 3, 11, 4, 12, 16, 8
3_27_10 8, 16, 12
4_3_16 9, 1, 5, 13
2_5_16 10, 2
5_24_06 5, 13, 1, 9, 10
3_3_06 4, 12, 8
4_21_10 7, 15, 3, 11
1_16_16 16
1_11_12 1
3_21_14 9, 1, 5
8_23_14 9, 1, 5, 13, 10, 2, 6, 14
5_21_06 5, 13, 1, 9, 6
3_5_16 10, 2, 6
4_27_06 6, 14, 2, 10
3_20_08 1, 9, 5
3_3_12 7, 15, 11
8_3_02 2, 10, 14, 6, 3, 11, 15, 7
2_24_00 14, 6
4_18_16 9, 1, 5, 13
6_23_04 4, 12, 16, 8, 5, 13
1_17_00 1
8_14_08 8, 16, 4, 12, 5, 13, 1, 9
4_9_02 4, 12, 16, 8
6_8_00 2, 10, 14, 6, 15, 7
7_14_02 5, 13, 1, 9, 14, 6, 10
1_15_06 15
4_18_08 5, 13, 1, 9
1_5_00 2
8_14_14 11, 3, 7, 15, 8, 16, 4, 12
5_31_00 4, 12, 16, 8, 9
1_28_06 10
7_31_08 8, 16, 4, 12, 13, 5, 9
7_15_22 15, 7, 11, 3, 4, 12, 16
7_31_00 4, 12, 16, 8, 9, 1, 5
8_14_12 10, 2, 6, 14, 7, 15, 3, 11
5_21_16 10, 2, 6, 14, 11
3_13_16 12, 4, 8
6_12_18 12, 4, 8, 16, 9, 1
8_18_00 1, 9, 13, 5, 2, 10, 14, 6
4_19_22 12, 4, 8, 16
7_7_20 12, 4, 8, 16, 5, 13, 1
5_9_00 3, 11, 15, 7, 4
2_25_06 6, 14
8_26_08 7, 15, 3, 11, 8, 16, 4, 12
6_12_04 5, 13, 1, 9, 2, 10
5_16_20 14, 6, 10, 2, 15
3_6_10 3, 11, 15
6_29_12 10, 2, 6, 14, 7, 15
3_7_04 4, 12, 8
2_9_02 4, 12
2_9_00 3, 11
2_11_12 9, 1
2_2_10 2, 10
6_29_14 11, 3, 7, 15, 8, 16
4_8_10 7, 15, 3, 11
2_14_10 5, 13
6_27_08 7, 15, 3, 11, 8, 16
8_9_20 13, 5, 9, 1, 14, 6, 10, 2
8_23_04 4, 12, 16, 8, 5, 13, 1, 9
5_22_10 7, 15, 3, 11, 4
6_8_08 6, 14, 2, 10, 3, 11
2_25_00 3, 11
3_28_02 16, 8, 4
5_3_10 6, 14, 2, 10, 15
5_26_12 9, 1, 5, 13, 6
1_2_00 13
4_23_04 4, 12, 16, 8
1_6_22 9
2_21_00 2, 10
5_1_22 12, 4, 8, 16, 13
8_7_10 7, 15, 3, 11, 8, 16, 4, 12
5_30_14 11, 3, 7, 15, 4
2_25_16 11, 3
7_16_00 4, 12, 16, 8, 5, 13, 1
6_7_08 6, 14, 2, 10, 7, 15
7_22_16 10, 2, 6, 14, 7, 15, 3
5_7_04 4, 12, 16, 8, 13
2_23_02 3, 11
6_9_14 10, 2, 6, 14, 11, 3
5_26_00 3, 11, 15, 7, 16
6_1_12 7, 15, 3, 11, 8, 16
5_3_00 1, 9, 13, 5, 10
5_29_00 4, 12, 16, 8, 1
3_20_00 13, 5, 1
6_16_10 9, 1, 5, 13, 2, 10
6_17_00 1, 9, 13, 5, 2, 10
2_15_20 14, 6
2_22_14 5, 13
2_27_02 4, 12
4_8_16 10, 2, 6, 14
4_30_16 12, 4, 8, 16
8_5_14 9, 1, 5, 13, 10, 2, 6, 14
1_31_02 13
1_27_16 3
8_7_08 6, 14, 2, 10, 7, 15, 3, 11
2_28_18 8, 16
8_15_10 9, 1, 5, 13, 6, 14, 2, 10
5_5_22 13, 5, 9, 1, 14
5_21_20 12, 4, 8, 16, 13
6_9_06 6, 14, 2, 10, 7, 15
6_27_20 13, 5, 9, 1, 14, 6
1_31_08 16
2_10_06 2, 10
1_22_18 7
6_7_10 7, 15, 3, 11, 8, 16
6_19_06 4, 12, 16, 8, 5, 13
2_27_12 9, 1
8_30_10 9, 1, 5, 13, 6, 14, 2, 10
3_10_00 15, 7, 11
8_1_06 4, 12, 16, 8, 5, 13, 1, 9
3_11_18 12, 4, 16
1_24_22 1
6_11_00 3, 11, 15, 7, 4, 12
7_26_14 10, 2, 6, 14, 7, 15, 3
3_30_14 7, 15, 3
8_18_04 3, 11, 15, 7, 4, 12, 16, 8
3_26_08 3, 11, 15
2_13_12 10, 2
7_12_20 13, 5, 9, 1, 2, 10, 14
7_13_08 8, 16, 4, 12, 5, 13, 1
5_14_14 11, 3, 7, 15, 4
8_5_18 11, 3, 7, 15, 12, 4, 8, 16
3_24_06 1, 9, 5
6_14_04 6, 14, 2, 10, 15, 7
5_24_20 12, 4, 8, 16, 1
5_14_04 6, 14, 2, 10, 15
1_8_10 11
6_21_20 12, 4, 8, 16, 13, 5
5_22_08 6, 14, 2, 10, 3
3_10_16 7, 15, 3
4_8_12 8, 16, 4, 12
1_22_04 16
6_18_12 7, 15, 3, 11, 4, 12
4_19_18 10, 2, 6, 14
1_8_22 1
4_18_06 4, 12, 16, 8
8_7_06 5, 13, 1, 9, 6, 14, 2, 10
8_12_00 3, 11, 15, 7, 4, 12, 16, 8
5_27_16 11, 3, 7, 15, 4
3_19_06 4, 12, 8
1_15_14 3
4_19_12 7, 15, 3, 11
2_27_00 3, 11
1_20_00 5
4_21_22 13, 5, 9, 1
1_29_10 9
4_1_16 9, 1, 5, 13
2_29_14 11, 3
5_17_22 12, 4, 8, 16, 13
3_26_22 10, 2, 6
1_26_20 9
3_8_06 1, 9, 5
1_2_14 4
2_20_08 1, 9
7_3_18 10, 2, 6, 14, 3, 11, 15
1_23_20 4
6_2_14 8, 16, 4, 12, 5, 13
3_11_14 10, 2, 14
7_31_10 9, 1, 5, 13, 14, 6, 10
7_27_16 11, 3, 7, 15, 4, 12, 16
8_3_04 3, 11, 15, 7, 4, 12, 16, 8
7_22_14 9, 1, 5, 13, 6, 14, 2
5_22_02 3, 11, 15, 7, 16
7_17_02 2, 10, 14, 6, 3, 11, 15
4_19_02 2, 10, 14, 6
2_7_12 8, 16
3_7_16 10, 2, 14
7_18_14 8, 16, 4, 12, 5, 13, 1
8_26_22 14, 6, 10, 2, 15, 7, 11, 3
1_25_12 9
6_23_08 6, 14, 2, 10, 7, 15
7_3_08 5, 13, 1, 9, 14, 6, 10
4_23_08 6, 14, 2, 10
6_3_18 10, 2, 6, 14, 11, 3
4_29_16 12, 4, 8, 16
2_28_20 9, 1
7_1_06 4, 12, 16, 8, 5, 13, 1
2_20_02 14, 6
1_16_22 3
3_31_20 14, 6, 2
2_14_20 10, 2
2_23_00 2, 10
6_26_06 6, 14, 2, 10, 3, 11
3_13_22 15, 7, 11
3_25_06 6, 14, 2
1_2_18 6
5_1_00 1, 9, 13, 5, 2
8_22_16 10, 2, 6, 14, 11, 3, 7, 15
6_19_12 7, 15, 3, 11, 8, 16
1_22_08 2
7_11_18 12, 4, 8, 16, 5, 13, 1
5_7_18 11, 3, 7, 15, 4
8_11_00 3, 11, 15, 7, 4, 12, 16, 8
2_6_08 2, 10
4_27_14 10, 2, 6, 14
4_6_22 13, 5, 9, 1
4_29_22 15, 7, 11, 3
3_27_20 13, 5, 1
1_29_04 6
7_24_14 9, 1, 5, 13, 14, 6, 10
2_9_12 9, 1
7_17_12 7, 15, 3, 11, 8, 16, 4
1_16_08 12
4_11_16 11, 3, 7, 15
4_9_06 6, 14, 2, 10
2_30_20 10, 2
2_4_22 8, 16
3_22_22 9, 1, 5
6_19_20 11, 3, 7, 15, 12, 4
5_11_14 10, 2, 6, 14, 3
3_30_12 6, 14, 2
2_27_18 12, 4
8_8_12 8, 16, 4, 12, 9, 1, 5, 13
5_3_22 12, 4, 8, 16, 5
7_2_16 9, 1, 5, 13, 6, 14, 2
7_11_22 14, 6, 10, 2, 7, 15, 3
1_5_18 11
4_21_00 2, 10, 14, 6
1_26_12 5
2_7_10 7, 15
1_4_18 14
4_3_20 11, 3, 7, 15
5_11_22 14, 6, 10, 2, 7
4_31_06 7, 15, 3, 11
7_22_20 12, 4, 8, 16, 9, 1, 5
2_13_20 14, 6
5_14_12 10, 2, 6, 14, 3
4_19_20 11, 3, 7, 15
3_28_20 9, 1, 13
4_5_16 10, 2, 6, 14
6_17_14 8, 16, 4, 12, 9, 1
2_20_12 3, 11
1_15_04 14
8_21_06 5, 13, 1, 9, 6, 14, 2, 10
3_12_04 1, 9, 5
2_16_04 2, 10
7_23_10 7, 15, 3, 11, 16, 8, 12
3_1_22 12, 4, 8
6_9_18 12, 4, 8, 16, 13, 5
7_21_02 3, 11, 15, 7, 4, 12, 16
4_1_08 5, 13, 1, 9
5_1_10 6, 14, 2, 10, 7
3_7_20 12, 4, 16
6_19_18 10, 2, 6, 14, 11, 3
7_2_10 6, 14, 2, 10, 3, 11, 15
3_1_12 7, 15, 3
1_29_18 13
5_23_14 9, 1, 5, 13, 2
8_23_10 7, 15, 3, 11, 8, 16, 4, 12
1_3_18 2
7_12_14 10, 2, 6, 14, 15, 7, 11
2_1_08 5, 13
6_27_18 12, 4, 8, 16, 13, 5
7_25_12 9, 1, 5, 13, 10, 2, 6
6_25_20 13, 5, 9, 1, 14, 6
3_27_06 6, 14, 10
1_1_14 8
4_22_04 4, 12, 16, 8
2_17_12 7, 15
3_1_10 6, 14, 2
4_10_16 11, 3, 7, 15
4_11_14 10, 2, 6, 14
3_11_10 8, 16, 12
1_6_10 3
3_20_10 2, 10, 6
2_15_10 9, 1
7_15_20 14, 6, 10, 2, 3, 11, 15
2_13_18 13, 5
7_22_08 6, 14, 2, 10, 3, 11, 15
8_11_14 10, 2, 6, 14, 11, 3, 7, 15
7_14_10 9, 1, 5, 13, 2, 10, 14
6_30_00 4, 12, 16, 8, 13, 5
5_10_16 11, 3, 7, 15, 8
8_15_16 12, 4, 8, 16, 9, 1, 5, 13
3_19_00 1, 9, 5
7_31_02 5, 13, 1, 9, 10, 2, 6
3_18_06 16, 8, 12
6_17_02 2, 10, 14, 6, 3, 11
1_24_14 13
5_21_10 7, 15, 3, 11, 8
2_20_10 2, 10
8_24_20 12, 4, 8, 16, 13, 5, 9, 1
3_23_22 13, 5, 1
3_23_04 4, 12, 8
6_10_04 5, 13, 1, 9, 2, 10
8_3_00 1, 9, 13, 5, 2, 10, 14, 6
8_22_10 7, 15, 3, 11, 8, 16, 4, 12
8_10_06 6, 14, 2, 10, 7, 15, 3, 11
2_25_22 14, 6
5_29_02 5, 13, 1, 9, 2
8_4_18 10, 2, 6, 14, 11, 3, 7, 15
1_7_10 15
8_29_22 15, 7, 11, 3, 12, 4, 8, 16
3_2_16 5, 13, 1
8_6_20 12, 4, 8, 16, 13, 5, 9, 1
1_7_20 4
4_4_00 1, 9, 13, 5
3_21_08 6, 14, 2
3_22_10 3, 11, 15
7_13_22 15, 7, 11, 3, 12, 4, 8
6_1_20 11, 3, 7, 15, 12, 4
1_21_14 9
5_30_04 6, 14, 2, 10, 15
6_31_16 12, 4, 8, 16, 9, 1
4_13_14 11, 3, 7, 15
8_30_22 15, 7, 11, 3, 12, 4, 8, 16
1_28_20 1
6_22_16 10, 2, 6, 14, 7, 15
2_20_20 7, 15
7_19_22 12, 4, 8, 16, 5, 13, 1
1_28_18 16
2_1_04 3, 11
2_15_06 7, 15
7_21_06 5, 13, 1, 9, 6, 14, 2
7_11_06 6, 14, 2, 10, 15, 7, 11
8_23_06 5, 13, 1, 9, 6, 14, 2, 10
3_11_00 3, 11, 7
3_24_00 14, 6, 2
8_23_20 12, 4, 8, 16, 13, 5, 9, 1
3_27_18 12, 4, 16
5_31_10 9, 1, 5, 13, 14
1_25_20 13
2_29_18 13, 5
2_26_22 10, 2
2_3_12 7, 15
4_31_00 4,12, 16, 8
8_17_10 6, 14, 2, 10, 7, 15, 3, 11
8_27_06 6, 14, 2, 10, 7, 15, 3, 11
4_8_08 6, 14, 2, 10
1_27_00 11
1_6_18 7
8_14_10 9, 1, 5, 13, 6, 14, 2, 10
6_10_12 9, 1, 5, 13, 6, 14
5_6_04 4, 12, 16, 8, 1
2_13_00 4,12
8_20_00 1, 9, 13, 5, 2, 10, 14, 6
6_4_06 4, 12, 16, 8, 1, 9
3_12_22 10, 2, 14
5_20_02 2, 10, 14, 6, 7
8_28_00 3, 11, 15, 7, 4, 12, 16, 8
5_21_14 9, 1, 5, 13, 10
5_4_12 7, 15, 3, 11, 12
2_18_06 16, 8
2_26_18 8, 16
3_16_06 3, 11, 7
3_25_08 7, 15, 3
5_11_16 11, 3, 7, 15, 4
1_27_02 12
5_3_18 10, 2, 6, 14, 3
8_18_16 9, 1, 5, 13, 10, 2, 6, 14
2_10_12 5, 13
5_26_16 11, 3, 7, 15, 8
6_15_10 9, 1, 5, 13, 6, 14
7_24_10 7, 15, 3, 11, 12, 4, 8
8_17_06 4, 12, 16, 8, 5, 13, 1, 9
4_7_14 9, 1, 5, 13
5_8_22 13, 5, 9, 1, 2
6_23_12 8, 16, 4, 12, 9, 1
1_14_12 6
1_28_08 11
6_26_20 13, 5, 9, 1, 10, 2
4_3_06 4, 12, 16, 8
7_9_02 4, 12, 16, 8, 5, 13, 1
4_20_06 4, 12, 16, 8
2_29_06 7, 15
2_19_08 5, 13
3_7_14 9, 1, 13
2_31_04 6, 14
4_30_04 6, 14, 2, 10
3_5_02 3, 11, 15
1_17_04 3
3_24_18 7, 15, 11
1_26_02 16
4_12_06 6, 14, 2, 10
7_13_18 13, 5, 9, 1, 10, 2, 6
3_20_02 14, 6, 2
6_14_10 9, 1, 5, 13, 2, 10
3_29_02 5, 13, 1
7_27_20 13, 5, 9, 1, 6, 14, 2
4_2_14 8, 16, 4, 12
3_21_22 13, 5, 9
6_13_22 15, 7, 11, 3, 12, 4
8_29_04 6, 14, 2, 10, 3, 11, 15, 7
4_17_04 3, 11, 15, 7
1_31_14 3
8_12_14 10, 2, 6, 14, 11, 3, 7, 15
8_11_18 12, 4, 8, 16, 13, 5, 9, 1
1_7_16 2
6_17_16 9, 1, 5, 13, 10, 2
8_24_04 4, 12, 16, 8, 5, 13, 1, 9
4_12_20 13, 5, 9, 1
1_8_02 7
1_6_00 14
7_28_20 13, 5, 9, 1, 2, 10, 14
6_27_02 4, 12, 16, 8, 5, 13
5_24_12 8, 16, 4, 12, 13
2_15_18 13, 5
7_20_10 6, 14, 2, 10, 11, 3, 7
7_22_00 2, 10, 14, 6, 15, 7, 11
1_5_04 4
2_24_06 1, 9
1_3_08 13
4_29_02 5, 13, 1, 9
5_11_12 9, 1, 5, 13, 2
4_2_00 1, 9, 13, 5
8_31_00 4, 12, 16, 8, 1, 9, 13, 5
6_7_04 4, 12, 16, 8, 5, 13
3_5_04 4, 12, 16
3_16_16 8, 16, 12
2_24_04 16, 8
2_2_20 7, 15
1_10_16 7
7_11_20 13, 5, 9, 1, 6, 14, 2
5_24_14 9, 1, 5, 13, 14
4_4_14 8, 16, 4, 12
6_13_20 14, 6, 10, 2, 11, 3
3_13_06 7, 15, 3
3_14_04 2, 10, 14
3_30_16 8, 16, 4
1_22_14 5
1_24_10 11
7_27_22 14, 6, 10, 2, 7, 15, 3
6_5_22 13, 5, 9, 1, 14, 6
3_9_20 13, 5, 9
5_12_00 3, 11, 15, 7, 8
2_24_08 2, 10
8_10_00 3, 11, 15, 7, 4, 12, 16, 8
8_25_12 9, 1, 5, 13, 10, 2, 6, 14
7_18_22 12, 4, 8, 16, 9, 1, 5
5_3_12 7, 15, 3, 11, 16
1_6_20 8
5_22_14 9, 1, 5, 13, 6
6_21_12 8, 16, 4, 12, 9, 1
3_7_08 6, 14, 10
4_9_08 7, 15, 3, 11
5_18_18 10, 2, 6, 14, 7
5_4_02 2, 10, 14, 6, 7
8_13_16 12, 4, 8, 16, 9, 1, 5, 13
3_26_20 9, 1, 5
8_29_20 14, 6, 10, 2, 11, 3, 7, 15
2_21_22 13, 5
7_10_20 13, 5, 9, 1, 10, 2, 6
7_5_08 6, 14, 2, 10, 7, 15, 3
4_18_10 6, 14, 2, 10
2_4_18 6, 14
3_17_18 10, 2, 6
7_4_16 9, 1, 5, 13, 14, 6, 10
7_2_18 10, 2, 6, 14, 7, 15, 3
8_19_14 8, 16, 4, 12, 9, 1, 5, 13
7_12_08 7, 15, 3, 11, 12, 4, 8
4_7_12 8, 16, 4, 12
3_1_02 2, 10, 14
3_4_02 14, 6, 2
5_5_14 9, 1, 5, 13, 10
2_20_22 8, 16
6_16_14 11, 3, 7, 15, 4, 12
6_3_06 4, 12, 16, 8, 5, 13
6_30_08 8, 16, 4, 12, 1, 9
2_3_10 6, 14
6_4_22 12, 4, 8, 16, 9, 1
4_19_10 6, 14, 2, 10
7_4_00 1, 9, 13, 5, 6, 14, 2
7_14_16 12, 4, 8, 16, 5, 13, 1
7_11_10 8, 16, 4, 12, 1, 9, 13
4_26_04 5, 13, 1, 9
8_4_00 1, 9, 13, 5, 2, 10, 14, 6
5_5_06 5, 13, 1, 9, 6
4_1_18 10, 2, 6, 14
1_5_10 7
1_23_06 13
2_31_14 11, 3
2_26_14 6, 14
2_4_08 1, 9
3_17_06 4, 12, 16
5_29_14 11, 3, 7, 15, 8
8_20_22 12, 4, 8, 16, 13, 5, 9, 1
2_8_16 6, 14
2_23_20 12, 4
4_20_16 9, 1, 5, 13
2_24_20 8, 16
3_12_16 7, 15, 11
2_13_10 9, 1
4_26_06 6, 14, 2, 10
7_30_16 12, 4, 8, 16, 5, 13, 1
7_14_20 14, 6, 10, 2, 7, 15, 3
8_22_08 6, 14, 2, 10, 7, 15, 3, 11
2_17_06 4, 12
2_27_16 11, 3
6_14_20 14, 6, 10, 2, 7, 15
3_28_12 5, 13, 9
3_13_14 11, 3, 7
5_20_06 4, 12, 16, 8, 9
7_15_02 5, 13, 1, 9, 10, 2, 6
2_10_22 10, 2
6_13_12 10, 2, 6, 14, 7, 15
6_2_22 12, 4, 8, 16, 9, 1
1_3_02 10
3_18_20 7, 15, 3
7_12_00 3, 11, 15, 7, 8, 16, 4
3_20_12 3, 11, 7
4_21_12 8, 16, 4, 12
4_18_00 1, 9, 13, 5
5_18_10 6, 14, 2, 10, 3
1_25_00 3
6_25_08 7, 15, 3, 11, 8, 16
5_12_12 9, 1, 5, 13, 14
4_10_00 3, 11, 15, 7
3_26_16 7, 15, 3
4_8_04 4, 12, 16, 8
1_6_02 15
3_6_12 4, 12, 16
4_13_12 10, 2, 6, 14
4_26_16 11, 3, 7, 15
6_4_20 11, 3, 7, 15, 8, 16
3_29_14 11, 3, 7
4_26_08 7, 15, 3, 11
2_8_18 7, 15
2_24_22 9, 1
5_1_14 8, 16, 4, 12, 9
5_7_12 8, 16, 4, 12, 1
3_5_00 2, 10, 14
5_4_10 6, 14, 2, 10, 11
8_5_04 4, 12, 16, 8, 5, 13, 1, 9
3_7_22 13, 5, 1
8_27_16 11, 3, 7, 15, 12, 4, 8, 16
5_25_16 11, 3, 7, 15, 12
4_8_18 11, 3, 7, 15
6_21_16 10, 2, 6, 14, 11, 3
5_25_04 5, 13, 1, 9, 6
4_6_06 5, 13, 1, 9
6_17_04 3, 11, 15, 7, 4, 12
2_22_04 16, 8
8_19_06 4, 12, 16, 8, 5, 13, 1, 9
3_5_18 11, 3, 7
6_18_00 1, 9, 13, 5, 14, 6
2_1_02 2, 10
3_10_14 6, 14, 2
2_3_22 12, 4
7_12_18 12, 4, 8, 16, 1, 9, 13
2_22_16 6, 14
5_11_04 5, 13, 1, 9, 14
6_22_06 5, 13, 1, 9, 2, 10
4_27_12 9, 1, 5, 13
4_28_02 4, 12, 16, 8
1_29_08 8
3_9_06 6, 14, 2
6_20_14 8, 16, 4, 12, 5, 13
7_2_08 5, 13, 1, 9, 2, 10, 14
5_4_00 1, 9, 13, 5, 6
5_15_18 13, 5, 9, 1, 2
5_7_08 6, 14, 2, 10, 15
2_15_08 8, 16
2_31_22 15, 7
1_27_08 15
6_9_16 11, 3, 7, 15, 12, 4
8_1_16 9, 1, 5, 13, 10, 2, 6, 14
1_22_10 3
2_7_04 4, 12
2_19_20 11, 3
7_30_04 6, 14, 2, 10, 15, 7, 11
8_12_02 4, 12, 16, 8, 5, 13, 1, 9
1_2_10 2
5_27_14 10, 2, 6, 14, 3
2_10_08 3, 11
1_2_02 14
2_1_06 4, 12
7_23_12 8, 16, 4, 12, 1, 9, 13
6_24_08 6, 14, 2, 10, 3, 11
6_28_08 7, 15, 3, 11, 4, 12
4_27_00 3, 11, 15, 7
2_18_18 6, 14
6_9_00 3, 11, 15, 7, 4, 12
6_18_14 8, 16, 4, 12, 5, 13
3_6_08 2, 10, 14
4_6_10 7, 15, 3, 11
3_26_06 2, 10, 14
7_16_22 15, 7, 11, 3, 16, 8, 12
5_25_06 6, 14, 2, 10, 7
6_5_02 3, 11, 15, 7, 4, 12
3_11_04 5, 13, 9
3_9_02 4, 12, 16
2_28_10 4, 12
3_24_14 5, 13, 9
7_8_04 4, 12, 16, 8, 9, 1, 5
5_13_02 5, 13, 1, 9, 2
4_22_02 3, 11, 15, 7
8_7_02 3, 11, 15, 7, 4, 12, 16, 8
4_10_08 7, 15, 3, 11
5_14_10 9, 1, 5, 13, 2
6_8_12 8, 16, 4, 12, 5, 13
1_9_02 4
3_23_14 9, 1, 13
2_30_10 5, 13
4_8_14 9, 1, 5, 13
1_30_06 3
7_8_06 5, 13, 1, 9, 10, 2, 6
8_22_06 5, 13, 1, 9, 6, 14, 2, 10
4_9_04 5, 13, 1, 9
4_17_00 1, 9, 13, 5
1_13_00 4
3_29_08 8, 16, 4
1_28_02 8
8_27_10 8, 16, 4, 12, 9, 1, 5, 13
8_21_00 2, 10, 14, 6, 3, 11, 15, 7
2_29_10 9, 1
1_10_14 6
6_30_14 11, 3, 7, 15, 4, 12
8_18_14 8, 16, 4, 12, 9, 1, 5, 13
3_11_20 13, 5, 1
5_25_22 14, 6, 10, 2, 15
4_17_18 10, 2, 6, 14
5_25_08 7, 15, 3, 11, 8
5_9_12 9, 1, 5, 13, 10
8_10_02 4, 12, 16, 8, 5, 13, 1, 9
4_4_20 11, 3, 7, 15
6_5_08 6, 14, 2, 10, 7, 15
1_22_20 8
4_3_10 6, 14, 2, 10
4_5_04 4, 12, 16, 8
7_5_18 11, 3, 7, 15, 12, 4, 8
2_26_02 16, 8
1_11_04 13
1_23_12 16
6_23_16 10, 2, 6, 14, 11, 3
6_6_02 3, 11, 15, 7, 16, 8
8_18_06 4, 12, 16, 8, 5, 13, 1, 9
5_7_20 12, 4, 8, 16, 5
1_8_12 12
6_28_04 5, 13, 1, 9, 2, 10
4_13_18 13, 5, 9, 1
6_21_10 7, 15, 3, 11, 8, 16
1_18_00 13
3_8_12 4, 12, 8
7_28_12 9, 1, 5, 13, 14, 6, 10
8_13_14 11, 3, 7, 15, 8, 16, 4, 12
7_12_12 9, 1, 5, 13, 14, 6, 10
6_26_08 7, 15, 3, 11, 4, 12
4_2_16 9, 1, 5, 13
3_26_12 5, 13, 1
1_24_18 15
7_9_00 3, 11, 15, 7, 4, 12, 16
3_15_20 14, 6, 2
7_25_02 4, 12, 16, 8, 5, 13, 1
2_16_20 10, 2
1_13_14 11
5_13_20 14, 6, 10, 2, 11
7_24_16 10, 2, 6, 14, 15, 7, 11
4_15_16 12, 4, 8, 16
3_11_16 11, 3, 15
2_11_14 10, 2
8_1_10 6, 14, 2, 10, 7, 15, 3, 11
1_19_04 11
1_9_00 3
2_21_16 10, 2
1_9_22 14
6_8_16 10, 2, 6, 14, 7, 15
4_11_10 8, 16, 4, 12
1_23_02 11
4_13_08 8, 16, 4, 12
4_6_04 4, 12, 16, 8
4_14_14 11, 3, 7, 15
1_12_12 13
5_12_02 4, 12, 16, 8, 9
2_3_16 9, 1
4_11_18 12, 4, 8, 16
7_29_02 5, 13, 1, 9, 2, 10, 14
2_12_14 6, 14
3_12_20 9, 1, 13
6_17_20 11, 3, 7, 15, 12, 4
8_21_10 7, 15, 3, 11, 8, 16, 4, 12
8_22_04 4, 12, 16, 8, 5, 13, 1, 9
3_15_00 4,12, 8
5_9_02 4, 12, 16, 8, 5
8_19_00 1, 9, 13, 5, 2, 10, 14, 6
6_22_18 11, 3, 7, 15, 8, 16
6_22_02 3, 11, 15, 7, 16, 8
3_23_00 2, 10, 6
4_1_04 3, 11, 15, 7
3_22_12 4, 12, 16
4_24_14 9, 1, 5, 13
6_2_08 5, 13, 1, 9, 2, 10
8_13_20 14, 6, 10, 2, 11, 3, 7, 15
5_6_22 13, 5, 9, 1, 10
4_12_12 9, 1, 5, 13
8_11_02 4, 12, 16, 8, 5, 13, 1, 9
3_25_04 5, 13, 1
5_6_00 2, 10, 14, 6, 15
5_1_12 7, 15, 3, 11, 8
6_30_20 14, 6, 10, 2, 7, 15
5_20_12 7, 15, 3, 11, 12
5_21_12 8, 16, 4, 12, 9
1_29_00 4
6_14_06 7, 15, 3, 11, 16, 8
4_13_00 4,12, 16, 8
8_4_14 8, 16, 4, 12, 9, 1, 5, 13
6_3_22 12, 4, 8, 16, 13, 5
3_26_04 1, 9, 13
4_15_04 6, 14, 2, 10
3_10_20 9, 1, 5
7_12_16 11, 3, 7, 15, 16, 8, 12
5_8_04 4, 12, 16, 8, 9
7_10_04 5, 13, 1, 9, 2, 10, 14
1_15_12 2
1_30_18 9
4_4_16 9, 1, 5, 13
6_28_00 3, 11, 15, 7, 16, 8
4_16_18 13, 5, 9, 1
8_2_16 9, 1, 5, 13, 10, 2, 6, 14
6_11_18 12, 4, 8, 16, 13, 5
7_28_00 3, 11, 15, 7, 8, 16, 4
2_30_00 16, 8
7_6_16 10, 2, 6, 14, 7, 15, 3
1_12_18 16
4_25_12 9, 1, 5, 13
3_17_08 5, 13, 1
5_20_08 5, 13, 1, 9, 10
6_14_12 10, 2, 6, 14, 3, 11
4_26_20 13, 5, 9, 1
7_18_04 3, 11, 15, 7, 16, 8, 12
8_31_22 15, 7, 11, 3, 12, 4, 8, 16
6_18_22 12, 4, 8, 16, 9, 1
7_10_00 3, 11, 15, 7, 16, 8, 12
4_12_00 3, 11, 15, 7
3_25_02 4, 12, 16
6_15_22 15, 7, 11, 3, 12, 4
7_21_04 4, 12, 16, 8, 5, 13, 1
3_18_16 5, 13, 1
3_30_02 1, 9, 13
2_3_04 3, 11
1_12_20 1
4_10_06 6, 14, 2, 10
8_19_12 7, 15, 3, 11, 8, 16, 4, 12
2_2_00 13, 5
5_14_08 8, 16, 4, 12, 1
3_17_02 2, 10, 14
8_16_14 11, 3, 7, 15, 8, 16, 4, 12
1_16_18 1
7_20_06 4, 12, 16, 8, 9, 1, 5
3_21_18 11, 3, 7
6_12_16 11, 3, 7, 15, 8, 16
2_18_20 7, 15
5_10_06 6, 14, 2, 10, 3
3_1_14 8, 16, 4
3_10_18 8, 16, 4
4_30_14 11, 3, 7, 15
8_23_02 3, 11, 15, 7, 4, 12, 16, 8
3_27_08 7, 15, 11
8_7_18 11, 3, 7, 15, 12, 4, 8, 16
8_18_20 11, 3, 7, 15, 12, 4, 8, 16
3_26_14 6, 14, 2
1_10_08 3
5_11_02 4, 12, 16, 8, 13
6_22_22 13, 5, 9, 1, 10, 2
4_23_00 2, 10, 14, 6
3_18_08 1, 9, 13
6_11_02 4, 12, 16, 8, 5, 13
2_18_04 15, 7
8_30_02 5, 13, 1, 9, 2, 10, 14, 6
4_10_20 13, 5, 9, 1
1_4_08 9
2_2_06 16, 8
7_10_22 14, 6, 10, 2, 11, 3, 7
5_10_20 13, 5, 9, 1, 10
8_3_08 5, 13, 1, 9, 6, 14, 2, 10
2_9_14 10, 2
8_16_02 5, 13, 1, 9, 2, 10, 14, 6
7_11_04 5, 13, 1, 9, 14, 6, 10
4_9_20 13, 5, 9, 1
7_10_08 7, 15, 3, 11, 4, 12, 16
5_4_06 4, 12, 16, 8, 9
3_6_02 15, 7, 11
5_13_08 8, 16, 4, 12, 5
2_20_04 15, 7
1_7_18 3
6_10_08 7, 15, 3, 11, 4, 12
3_25_14 10, 2, 6
4_17_14 8, 16, 4, 12
8_11_06 6, 14, 2, 10, 7, 15, 3, 11
4_16_00 4,12, 16, 8
2_15_04 6, 14
8_24_06 5, 13, 1, 9, 6, 14, 2, 10
7_16_14 11, 3, 7, 15, 12, 4, 8
3_6_20 8, 16, 4
1_29_22 15
7_23_18 11, 3, 7, 15, 4, 12, 16
1_7_22 5
4_24_10 7, 15, 3, 11
4_12_04 5, 13, 1, 9
7_13_06 7, 15, 3, 11, 4, 12, 16
5_19_18 10, 2, 6, 14, 3
7_15_04 6, 14, 2, 10, 11, 3, 7
7_21_20 12, 4, 8, 16, 13, 5, 9
7_28_14 10, 2, 6, 14, 15, 7, 11
4_10_04 5, 13, 1, 9
5_29_08 8, 16, 4, 12, 5
5_18_04 3, 11, 15, 7, 16
8_25_04 5, 13, 1, 9, 6, 14, 2, 10
8_19_22 12, 4, 8, 16, 13, 5, 9, 1
3_18_10 2, 10, 14
8_20_20 11, 3, 7, 15, 12, 4, 8, 16
1_31_04 14
6_21_08 6, 14, 2, 10, 7, 15
6_25_10 8, 16, 4, 12, 9, 1
5_28_16 11, 3, 7, 15, 16
6_20_04 3, 11, 15, 7, 16, 8
4_14_00 4,12, 16, 8
1_7_14 1
2_11_04 5, 13
8_22_00 2, 10, 14, 6, 3, 11, 15, 7
2_12_04 1, 9
5_11_06 6, 14, 2, 10, 15
5_2_10 6, 14, 2, 10, 3
5_18_12 7, 15, 3, 11, 4
4_30_10 9, 1, 5, 13
1_14_00 16
2_19_10 6, 14
6_21_00 2, 10, 14, 6, 3, 11
4_18_02 2, 10, 14, 6
1_3_04 11
7_7_10 7, 15, 3, 11, 16, 8, 12
3_10_06 2, 10, 14
8_10_22 14, 6, 10, 2, 15, 7, 11, 3
6_24_10 7, 15, 3, 11, 4, 12
4_27_22 14, 6, 10, 2
8_18_12 7, 15, 3, 11, 8, 16, 4, 12
3_1_20 11, 3, 7
7_18_10 6, 14, 2, 10, 3, 11, 15
5_30_22 15, 7, 11, 3, 8
7_1_20 11, 3, 7, 15, 12, 4, 8
2_11_10 8, 16
8_19_02 2, 10, 14, 6, 3, 11, 15, 7
7_9_18 12, 4, 8, 16, 13, 5, 9
4_9_22 14, 6, 10, 2
5_13_18 13, 5, 9, 1, 10
5_2_12 7, 15, 3, 11, 4
4_16_14 11, 3, 7, 15
5_31_18 13, 5, 9, 1, 2
1_24_06 9
4_23_22 13, 5, 9, 1
7_9_04 5, 13, 1, 9, 6, 14, 2
6_25_12 9, 1, 5, 13, 10, 2
8_8_04 4, 12, 16, 8, 5, 13, 1, 9
3_1_18 10, 2, 6
2_28_06 2, 10
7_11_12 9, 1, 5, 13, 2, 10, 14
1_26_06 2
7_13_00 4, 12, 16, 8, 1, 9, 13
4_30_00 4,12, 16, 8
3_28_10 4, 12, 8
4_9_12 9, 1, 5, 13
5_27_06 6, 14, 2, 10, 15
8_15_00 4, 12, 16, 8, 1, 9, 13, 5
2_23_10 7, 15
7_2_02 2, 10, 14, 6, 15, 7, 11
7_28_08 7, 15, 3, 11, 12, 4, 8
5_30_02 5, 13, 1, 9, 14
6_26_16 11, 3, 7, 15, 8, 16
8_21_20 12, 4, 8, 16, 13, 5, 9, 1
4_6_02 3, 11, 15, 7
2_26_04 1, 9
8_12_04 5, 13, 1, 9, 6, 14, 2, 10
1_3_20 3
6_31_02 5, 13, 1, 9, 2, 10
5_17_16 9, 1, 5, 13, 10
4_31_18 13, 5, 9, 1
7_25_16 11, 3, 7, 15, 12, 4, 8
2_14_04 2, 10
8_26_02 4, 12, 16, 8, 5, 13, 1, 9
3_24_10 3, 11, 7
5_8_20 12, 4, 8, 16, 1
7_26_18 12, 4, 8, 16, 9, 1, 5
1_19_02 10
5_2_22 12, 4, 8, 16, 9
6_22_08 6, 14, 2, 10, 3, 11
3_2_06 16, 8, 12
6_4_12 7, 15, 3, 11, 4, 12
8_17_16 9, 1, 5, 13, 10, 2, 6, 14
5_26_02 4, 12, 16, 8, 1
5_2_16 9, 1, 5, 13, 6
5_16_08 8, 16, 4, 12, 9
2_17_10 6, 14
5_14_16 12, 4, 8, 16, 5
1_28_22 2
1_4_06 8
2_15_12 10, 2
2_16_12 6, 14
4_8_00 2, 10, 14, 6
8_12_20 13, 5, 9, 1, 14, 6, 10, 2
4_15_02 5, 13, 1, 9
5_25_18 12, 4, 8, 16, 13
2_31_20 14, 6
1_16_04 10
5_21_00 2, 10, 14, 6, 3
8_22_22 13, 5, 9, 1, 14, 6, 10, 2
3_27_14 10, 2, 14
6_28_16 11, 3, 7, 15, 8, 16
2_19_18 10, 2
6_7_18 11, 3, 7, 15, 12, 4
7_7_06 5, 13, 1, 9, 14, 6, 10
3_11_12 9, 1, 13
7_31_20 14, 6, 10, 2, 3, 11, 15
4_1_02 2, 10, 14, 6
2_21_08 6, 14
7_29_12 10, 2, 6, 14, 7, 15, 3
7_22_04 4, 12, 16, 8, 1, 9, 13
6_13_18 13, 5, 9, 1, 10, 2
7_26_12 9, 1, 5, 13, 6, 14, 2
3_2_04 15, 7, 11
3_9_14 10, 2, 6
2_3_02 2, 10
7_7_00 2, 10, 14, 6, 11, 3, 7
6_8_06 5, 13, 1, 9, 2, 10
1_2_08 1
3_21_00 2, 10, 14
7_17_14 8, 16, 4, 12, 9, 1, 5
6_1_08 5, 13, 1, 9, 6, 14
8_4_20 11, 3, 7, 15, 12, 4, 8, 16
6_24_16 10, 2, 6, 14, 7, 15
1_11_16 3
5_31_14 11, 3, 7, 15, 16
7_24_22 13, 5, 9, 1, 2, 10, 14
8_19_18 10, 2, 6, 14, 11, 3, 7, 15
4_15_00 4,12, 16, 8
2_17_18 10, 2
5_13_16 12, 4, 8, 16, 9
5_9_14 10, 2, 6, 14, 11
5_17_10 6, 14, 2, 10, 7
3_2_02 14, 6, 10
7_10_16 11, 3, 7, 15, 8, 16, 4
2_4_14 4, 12
2_18_10 2, 10
6_18_06 4, 12, 16, 8, 1, 9
7_2_20 11, 3, 7, 15, 8, 16, 4
4_19_14 8, 16, 4, 12
5_24_02 3, 11, 15, 7, 8
8_18_10 6, 14, 2, 10, 7, 15, 3, 11
4_24_16 10, 2, 6, 14
8_17_00 1, 9, 13, 5, 2, 10, 14, 6
6_19_00 1, 9, 13, 5, 2, 10
8_8_06 5, 13, 1, 9, 6, 14, 2, 10
2_16_22 11, 3
8_8_00 2, 10, 14, 6, 3, 11, 15, 7
5_18_00 1, 9, 13, 5, 14
4_11_04 5, 13, 1, 9
7_19_08 5, 13, 1, 9, 14, 6, 10
3_20_14 4, 12, 8
1_17_22 12
7_4_22 12, 4, 8, 16, 1, 9, 13
3_16_20 10, 2, 14
6_20_20 11, 3, 7, 15, 8, 16
5_4_22 12, 4, 8, 16, 1
8_24_02 3, 11, 15, 7, 4, 12, 16, 8
6_1_22 12, 4, 8, 16, 13, 5
8_31_16 12, 4, 8, 16, 9, 1, 5, 13
5_26_04 5, 13, 1, 9, 2
8_24_14 9, 1, 5, 13, 10, 2, 6, 14
1_22_12 4
4_30_18 13, 5, 9, 1
4_14_04 6, 14, 2, 10
7_20_20 11, 3, 7, 15, 16, 8, 12
5_18_02 2, 10, 14, 6, 15
4_23_16 10, 2, 6, 14
2_4_20 7, 15
7_19_04 3, 11, 15, 7, 12, 4, 8
3_22_00 14, 6, 10
8_16_08 8, 16, 4, 12, 5, 13, 1, 9
1_25_16 11
6_28_06 6, 14, 2, 10, 3, 11
3_18_22 8, 16, 4
3_12_14 6, 14, 10
3_17_00 1, 9, 13
1_31_16 4
4_21_18 11, 3, 7, 15
8_11_16 11, 3, 7, 15, 12, 4, 8, 16
8_15_12 10, 2, 6, 14, 7, 15, 3, 11
4_15_22 15, 7, 11, 3
4_30_12 10, 2, 6, 14
5_5_20 12, 4, 8, 16, 13
4_3_18 10, 2, 6, 14
3_18_04 15, 7, 11
3_17_16 9, 1, 5
3_15_22 15, 7, 3
5_2_08 5, 13, 1, 9, 2
6_8_20 12, 4, 8, 16, 9, 1
1_24_20 16
6_13_04 6, 14, 2, 10, 3, 11
3_15_10 9, 1, 13
3_22_06 1, 9, 13
2_7_00 2, 10
6_16_20 14, 6, 10, 2, 7, 15
2_30_12 6, 14
7_5_02 3, 11, 15, 7, 4, 12, 16
3_10_10 4, 12, 16
8_10_12 9, 1, 5, 13, 10, 2, 6, 14
1_14_02 1
5_31_12 10, 2, 6, 14, 15
3_3_14 8, 16, 12
1_2_04 15
7_10_06 6, 14, 2, 10, 3, 11, 15
5_30_06 7, 15, 3, 11, 16
7_5_22 13, 5, 9, 1, 14, 6, 10
6_21_18 11, 3, 7, 15, 12, 4
7_24_02 3, 11, 15, 7, 8, 16, 4
1_30_02 1
2_23_06 5, 13
1_17_14 8
2_5_12 8, 16
2_5_14 9, 1
7_19_12 7, 15, 3, 11, 16, 8, 12
5_7_14 9, 1, 5, 13, 2
2_7_22 13, 5
4_18_04 3, 11, 15, 7
4_1_00 1, 9, 13, 5
5_1_08 5, 13, 1, 9, 6
8_29_06 7, 15, 3, 11, 4, 12, 16, 8
1_12_08 11
8_1_22 12, 4, 8, 16, 13, 5, 9, 1
6_22_12 8, 16, 4, 12, 5, 13
6_26_12 9, 1, 5, 13, 6, 14
5_25_02 4, 12, 16, 8, 5
4_16_04 6, 14, 2, 10
5_14_06 7, 15, 3, 11, 16
8_24_08 6, 14, 2, 10, 7, 15, 3, 11
7_27_10 8, 16, 4, 12, 1, 9, 13
2_8_06 1, 9
4_2_08 5, 13, 1, 9
8_15_22 15, 7, 11, 3, 12, 4, 8, 16
3_5_12 8, 16, 4
8_22_02 3, 11, 15, 7, 4, 12, 16, 8
4_15_14 11, 3, 7, 15
1_1_04 3
2_29_20 14, 6
1_16_06 11
3_14_20 10, 2, 6
5_11_18 12, 4, 8, 16, 5
8_6_04 4, 12, 16, 8, 5, 13, 1, 9
1_2_20 7
6_17_12 7, 15, 3, 11, 8, 16
4_24_02 3, 11, 15, 7
4_16_16 12, 4, 8, 16
3_25_16 11, 3, 7
7_9_12 9, 1, 5, 13, 10, 2, 6
5_8_06 5, 13, 1, 9, 10
2_28_08 3, 11
4_20_04 3, 11, 15, 7
4_22_12 8, 16, 4, 12
4_19_06 4, 12, 16, 8
1_12_10 12
8_26_14 10, 2, 6, 14, 11, 3, 7, 15
5_12_20 13, 5, 9, 1, 2
7_17_16 9, 1, 5, 13, 10, 2, 6
3_18_18 6, 14, 2
7_8_12 8, 16, 4, 12, 13, 5, 9
6_4_08 5, 13, 1, 9, 2, 10
4_21_06 5, 13, 1, 9
5_29_18 13, 5, 9, 1, 10
5_17_06 4, 12, 16, 8, 5
6_2_06 4, 12, 16, 8, 1, 9
1_23_10 15
8_2_00 1, 9, 13, 5, 2, 10, 14, 6
7_1_10 6, 14, 2, 10, 7, 15, 3
7_23_16 10, 2, 6, 14, 3, 11, 15
5_6_12 8, 16, 4, 12, 5
1_1_12 7
8_19_10 6, 14, 2, 10, 7, 15, 3, 11
6_19_02 2, 10, 14, 6, 3, 11
3_5_10 7, 15, 3
2_7_08 6, 14
2_31_08 8, 16
4_20_12 7, 15, 3, 11
7_16_10 9, 1, 5, 13, 10, 2, 6
2_5_18 11, 3
6_29_06 7, 15, 3, 11, 4, 12
2_31_02 5, 13
5_22_06 5, 13, 1, 9, 2
1_20_16 13
3_23_08 6, 14, 10
4_3_02 2, 10, 14, 6
7_11_08 7, 15, 3, 11, 16, 8, 12
5_13_14 11, 3, 7, 15, 8
5_16_04 6, 14, 2, 10, 7
7_15_00 4, 12, 16, 8, 9, 1, 5
7_3_02 2, 10, 14, 6, 11, 3, 7
8_6_16 10, 2, 6, 14, 11, 3, 7, 15
3_31_14 11, 3, 15
7_16_06 7, 15, 3, 11, 8, 16, 4
8_3_12 7, 15, 3, 11, 8, 16, 4, 12
6_7_00 2, 10, 14, 6, 3, 11
1_31_18 5
4_10_12 9, 1, 5, 13
4_25_16 11, 3, 7, 15
5_16_10 9, 1, 5, 13, 10
7_2_06 4, 12, 16, 8, 1, 9, 13
5_7_00 2, 10, 14, 6, 11
6_10_22 14, 6, 10, 2, 11, 3
4_17_20 11, 3, 7, 15
6_11_16 11, 3, 7, 15, 12, 4
7_8_10 7, 15, 3, 11, 12, 4, 8
5_15_04 6, 14, 2, 10, 11
7_17_10 6, 14, 2, 10, 7, 15, 3
8_10_08 7, 15, 3, 11, 8, 16, 4, 12
4_22_16 10, 2, 6, 14
1_1_20 11
1_10_18 8
1_24_04 8
6_2_00 1, 9, 13, 5, 14, 6
8_27_12 9, 1, 5, 13, 10, 2, 6, 14
7_15_18 13, 5, 9, 1, 2, 10, 14
2_24_18 7, 15
6_10_16 11, 3, 7, 15, 8, 16
3_18_02 14, 6, 10
7_23_06 5, 13, 1, 9, 14, 6, 10
6_11_06 6, 14, 2, 10, 7, 15
2_24_16 6, 14
2_24_12 4, 12
1_30_00 16
1_30_14 7
7_5_04 4, 12, 16, 8, 5, 13, 1
3_13_02 5, 13, 1
7_12_06 6, 14, 2, 10, 11, 3, 7
2_1_10 6, 14
2_20_16 5, 13
2_27_06 6, 14
5_5_12 8, 16, 4, 12, 9
3_24_08 2, 10, 6
8_16_00 4, 12, 16, 8, 1, 9, 13, 5
7_23_22 13, 5, 9, 1, 6, 14, 2
5_10_02 4, 12, 16, 8, 1
5_28_04 5, 13, 1, 9, 10
3_24_04 16, 8, 4
1_8_04 8
4_5_18 11, 3, 7, 15
7_2_12 7, 15, 3, 11, 4, 12, 16
4_11_06 6, 14, 2, 10
6_18_16 9, 1, 5, 13, 6, 14
8_20_18 10, 2, 6, 14, 11, 3, 7, 15
4_5_12 8, 16, 4, 12
3_16_22 11, 3, 15
3_20_22 8, 16, 12
4_22_22 13, 5, 9, 1
6_26_14 10, 2, 6, 14, 7, 15
6_25_18 12, 4, 8, 16, 13, 5
5_2_00 1, 9, 13, 5, 14
1_10_22 10
1_28_04 9
5_8_16 10, 2, 6, 14, 15
7_8_08 6, 14, 2, 10, 11, 3, 7
1_3_14 16
1_14_04 2
2_26_12 5, 13
1_1_08 5
5_8_12 8, 16, 4, 12, 13
5_18_20 11, 3, 7, 15, 8
4_27_20 13, 5, 9, 1
8_24_12 8, 16, 4, 12, 9, 1, 5, 13
2_5_08 6, 14
2_30_16 8, 16
3_13_12 10, 2, 6
7_6_14 9, 1, 5, 13, 6, 14, 2
6_30_04 6, 14, 2, 10, 15, 7
1_21_06 5
4_27_04 5, 13, 1, 9
7_19_20 11, 3, 7, 15, 4, 12, 16
1_9_10 8
3_8_04 16, 8, 4
4_9_16 11, 3, 7, 15
8_25_22 14, 6, 10, 2, 15, 7, 11, 3
6_28_22 14, 6, 10, 2, 11, 3
3_13_10 9, 1, 5
1_1_16 9
3_6_16 6, 14, 2
5_24_08 6, 14, 2, 10, 11
6_26_04 5, 13, 1, 9, 2, 10
7_6_08 6, 14, 2, 10, 3, 11, 15
7_31_22 15, 7, 11, 3, 4, 12, 16
5_26_18 12, 4, 8, 16, 9
6_8_22 13, 5, 9, 1, 10, 2
5_17_18 10, 2, 6, 14, 11
5_28_08 7, 15, 3, 11, 12
2_17_14 8, 16
1_6_12 4
4_1_12 7, 15, 3, 11
8_28_16 11, 3, 7, 15, 12, 4, 8, 16
4_15_06 7, 15, 3, 11
5_20_22 12, 4, 8, 16, 1
4_26_10 8, 16, 4, 12
7_24_04 4, 12, 16, 8, 9, 1, 5
6_11_10 8, 16, 4, 12, 9, 1
7_8_02 3, 11, 15, 7, 8, 16, 4
8_15_02 5, 13, 1, 9, 2, 10, 14, 6
8_31_06 7, 15, 3, 11, 4, 12, 16, 8
7_4_18 10, 2, 6, 14, 15, 7, 11
5_3_20 11, 3, 7, 15, 4
6_12_08 7, 15, 3, 11, 4, 12
1_24_12 12
2_13_06 7, 15
4_2_10 6, 14, 2, 10
3_25_20 13, 5, 9
4_14_18 13, 5, 9, 1
8_20_12 7, 15, 3, 11, 8, 16, 4, 12
2_10_18 8, 16
1_26_14 6
2_2_08 1, 9
3_19_22 12, 4, 16
6_6_06 5, 13, 1, 9, 2, 10
5_28_06 6, 14, 2, 10, 11
1_1_06 4
1_18_14 4
7_7_22 13, 5, 9, 1, 6, 14, 2
8_25_20 13, 5, 9, 1, 14, 6, 10, 2
1_9_06 6
8_30_06 7, 15, 3, 11, 4, 12, 16, 8
5_23_04 4, 12, 16, 8, 13
8_17_12 7, 15, 3, 11, 8, 16, 4, 12
5_16_22 15, 7, 11, 3, 16
1_22_06 1
5_15_08 8, 16, 4, 12, 13
6_14_00 4, 12, 16, 8, 13, 5
3_31_12 10, 2, 14
4_3_00 1, 9, 13, 5
7_26_08 7, 15, 3, 11, 4, 12, 16
1_2_16 5
7_30_14 11, 3, 7, 15, 4, 12, 16
7_26_04 5, 13, 1, 9, 2, 10, 14
6_31_00 4, 12, 16, 8, 1, 9
2_8_08 2, 10
7_29_08 8, 16, 4, 12, 5, 13, 1
8_8_20 12, 4, 8, 16, 13, 5, 9, 1
6_3_20 11, 3, 7, 15, 12, 4
2_30_08 4, 12
5_24_10 7, 15, 3, 11, 12
4_28_06 6, 14, 2, 10
2_14_14 7, 15
8_19_20 11, 3, 7, 15, 12, 4, 8, 16
3_31_00 4,12, 8
7_11_14 10, 2, 6, 14, 3, 11, 15
5_22_04 4, 12, 16, 8, 1
2_6_04 16, 8
4_24_06 5, 13, 1, 9
5_27_08 7, 15, 3, 11, 16
3_15_04 6, 14, 10
3_26_18 8, 16, 4
3_21_04 4, 12, 16
1_19_12 15
1_26_22 10
5_15_06 7, 15, 3, 11, 12
1_1_00 1
2_24_10 3, 11
3_13_08 8, 16, 4
7_18_02 2, 10, 14, 6, 15, 7, 11
6_30_02 5, 13, 1, 9, 14, 6
6_1_06 4, 12, 16, 8, 5, 13
1_6_08 2
8_14_04 6, 14, 2, 10, 3, 11, 15, 7
5_10_12 9, 1, 5, 13, 6
7_16_12 10, 2, 6, 14, 11, 3, 7
8_4_06 4, 12, 16, 8, 5, 13, 1, 9
1_21_16 10
4_2_20 11, 3, 7, 15
8_20_08 5, 13, 1, 9, 6, 14, 2, 10
2_11_20 13, 5
4_8_22 13, 5, 9, 1
3_8_18 7, 15, 11
2_8_04 16, 8
4_7_16 10, 2, 6, 14
1_11_02 12
8_27_08 7, 15, 3, 11, 8, 16, 4, 12
6_15_08 8, 16, 4, 12, 5, 13
7_9_08 7, 15, 3, 11, 8, 16, 4
3_10_04 1, 9, 13
5_23_08 6, 14, 2, 10, 15
4_10_10 8, 16, 4, 12
5_31_22 15, 7, 11, 3, 4
6_12_12 9, 1, 5, 13, 6, 14
3_29_20 14, 6, 10
6_20_22 12, 4, 8, 16, 9, 1
4_11_08 7, 15, 3, 11
3_15_06 7, 15, 11
6_31_22 15, 7, 11, 3, 12, 4
4_1_06 4, 12, 16, 8
8_8_02 3, 11, 15, 7, 4, 12, 16, 8
6_18_04 3, 11, 15, 7, 16, 8
2_5_22 13, 5
1_7_00 10
2_30_22 11, 3
8_11_12 9, 1, 5, 13, 10, 2, 6, 14
4_9_00 3, 11, 15, 7
6_25_16 11, 3, 7, 15, 12, 4
8_23_00 2, 10, 14, 6, 3, 11, 15, 7
3_14_08 4, 12, 16
7_26_10 8, 16, 4, 12, 5, 13, 1
1_5_02 3
8_24_18 11, 3, 7, 15, 12, 4, 8, 16
5_22_00 2, 10, 14, 6, 15
4_26_00 3, 11, 15, 7
1_18_22 8
7_25_06 6, 14, 2, 10, 7, 15, 3
8_8_22 13, 5, 9, 1, 14, 6, 10, 2
7_26_22 14, 6, 10, 2, 11, 3, 7
5_29_22 15, 7, 11, 3, 12
5_20_20 11, 3, 7, 15, 16
1_22_22 9
7_24_08 6, 14, 2, 10, 11, 3, 7
6_14_16 12, 4, 8, 16, 5, 13
3_28_14 6, 14, 10
7_9_16 11, 3, 7, 15, 12, 4, 8
6_24_06 5, 13, 1, 9, 2, 10
3_30_04 2, 10, 14
5_17_20 11, 3, 7, 15, 12
6_9_04 5, 13, 1, 9, 6, 14
7_13_02 5, 13, 1, 9, 2, 10, 14
3_7_02 3, 11, 7
5_21_22 13, 5, 9, 1, 14
8_18_02 2, 10, 14, 6, 3, 11, 15, 7
2_19_04 3, 11
1_5_12 8
3_27_22 14, 6, 2
5_27_10 8, 16, 4, 12, 1
4_24_08 6, 14, 2, 10
2_12_08 3, 11
6_26_18 12, 4, 8, 16, 9, 1
3_19_14 8, 16, 12
8_3_16 9, 1, 5, 13, 10, 2, 6, 14
7_15_16 12, 4, 8, 16, 1, 9, 13
8_23_22 13, 5, 9, 1, 14, 6, 10, 2
2_2_22 8, 16
4_2_18 10, 2, 6, 14
4_28_14 10, 2, 6, 14
3_4_22 8, 16, 12
4_6_12 8, 16, 4, 12
5_2_04 3, 11, 15, 7, 16
8_29_16 12, 4, 8, 16, 9, 1, 5, 13
7_3_00 1, 9, 13, 5, 10, 2, 6
2_18_00 13, 5
8_2_04 3, 11, 15, 7, 4, 12, 16, 8
4_17_16 9, 1, 5, 13
8_17_22 12, 4, 8, 16, 13, 5, 9, 1
8_21_22 13, 5, 9, 1, 14, 6, 10, 2
7_19_16 9, 1, 5, 13, 2, 10, 14
3_14_18 9, 1, 5
3_13_00 4,12, 16
4_27_16 11, 3, 7, 15
2_19_16 9, 1
3_31_02 5, 13, 9
8_1_20 11, 3, 7, 15, 12, 4, 8, 16
6_2_12 7, 15, 3, 11, 4, 12
3_20_18 6, 14, 10
3_6_06 1, 9, 13
3_2_18 6, 14, 2
8_21_04 4, 12, 16, 8, 5, 13, 1, 9
2_12_00 15, 7
2_12_02 16, 8
8_6_00 2, 10, 14, 6, 3, 11, 15, 7
6_16_02 5, 13, 1, 9, 14, 6
