8_1_22 12, 4, 8, 16, 13, 5, 9, 1
6_19_08 5, 13, 1, 9, 6, 14
3_13_10 9, 1, 5
4_7_22 13, 5, 9, 1
5_24_04 4, 12, 16, 8, 9
3_24_06 1, 9, 5
7_23_00 2, 10, 14, 6, 11, 3, 7
3_25_08 7, 15, 3
8_16_06 7, 15, 3, 11, 4, 12, 16, 8
6_19_12 7, 15, 3, 11, 8, 16
6_17_02 2, 10, 14, 6, 3, 11
3_21_12 8, 16, 4
3_9_08 7, 15, 3
6_29_10 9, 1, 5, 13, 6, 14
5_15_04 6, 14, 2, 10, 11
3_5_04 4, 12, 16
1_23_14 1
5_17_14 8, 16, 4, 12, 9
3_23_04 4, 12, 8
1_28_14 14
7_29_10 9, 1, 5, 13, 6, 14, 2
6_2_12 7, 15, 3, 11, 4, 12
2_13_02 5, 13
8_11_14 10, 2, 6, 14, 11, 3, 7, 15
5_3_04 3, 11, 15, 7, 12
6_31_12 10, 2, 6, 14, 7, 15
2_16_16 8, 16
2_25_12 9, 1
5_30_14 11, 3, 7, 15, 4
4_2_22 12, 4, 8, 16
7_28_04 5, 13, 1, 9, 10, 2, 6
2_4_20 7, 15
2_27_04 5, 13
4_25_20 13, 5, 9, 1
8_12_12 9, 1, 5, 13, 10, 2, 6, 14
7_13_20 14, 6, 10, 2, 11, 3, 7
2_27_10 8, 16
6_23_22 13, 5, 9, 1, 14, 6
4_7_04 4, 12, 16, 8
1_22_02 15
5_22_08 6, 14, 2, 10, 3
2_30_04 2, 10
8_22_04 4, 12, 16, 8, 5, 13, 1, 9
3_29_10 9, 1, 5
8_3_18 10, 2, 6, 14, 11, 3, 7, 15
1_30_00 16
4_22_20 12, 4, 8, 16
7_15_18 13, 5, 9, 1, 2, 10, 14
4_20_10 6, 14, 2, 10
8_16_18 13, 5, 9, 1, 10, 2, 6, 14
1_28_08 11
4_6_20 12, 4, 8, 16
4_26_06 6, 14, 2, 10
8_13_06 7, 15, 3, 11, 4, 12, 16, 8
1_12_04 9
2_24_16 6, 14
7_14_06 7, 15, 3, 11, 16, 8, 12
1_21_18 11
2_24_22 9, 1
7_8_22 13, 5, 9, 1, 2, 10, 14
5_15_20 14, 6, 10, 2, 3
8_15_20 14, 6, 10, 2, 11, 3, 7, 15
8_26_12 9, 1, 5, 13, 10, 2, 6, 14
6_22_06 5, 13, 1, 9, 2, 10
8_10_02 4, 12, 16, 8, 5, 13, 1, 9
4_24_22 13, 5, 9, 1
1_6_12 4
7_10_02 4, 12, 16, 8, 1, 9, 13
7_7_06 5, 13, 1, 9, 14, 6, 10
5_10_08 7, 15, 3, 11, 4
7_20_18 10, 2, 6, 14, 15, 7, 11
7_7_02 3, 11, 15, 7, 12, 4, 8
8_7_18 11, 3, 7, 15, 12, 4, 8, 16
7_22_02 3, 11, 15, 7, 16, 8, 12
3_5_16 10, 2, 6
7_14_10 9, 1, 5, 13, 2, 10, 14
5_16_08 8, 16, 4, 12, 9
5_8_20 12, 4, 8, 16, 1
7_5_12 8, 16, 4, 12, 9, 1, 5
3_8_02 15, 7, 3
5_20_06 4, 12, 16, 8, 9
4_22_04 4, 12, 16, 8
5_1_18 10, 2, 6, 14, 11
6_24_04 4, 12, 16, 8, 1, 9
6_7_18 11, 3, 7, 15, 12, 4
8_6_00 2, 10, 14, 6, 3, 11, 15, 7
4_31_16 12, 4, 8, 16
3_10_18 8, 16, 4
3_7_14 9, 1, 13
6_7_12 8, 16, 4, 12, 9, 1
5_25_12 9, 1, 5, 13, 10
4_1_08 5, 13, 1, 9
6_9_10 8, 16, 4, 12, 9, 1
1_21_16 10
2_19_14 8, 16
7_25_14 10, 2, 6, 14, 11, 3, 7
7_10_06 6, 14, 2, 10, 3, 11, 15
8_3_02 2, 10, 14, 6, 3, 11, 15, 7
8_31_12 10, 2, 6, 14, 7, 15, 3, 11
6_27_22 14, 6, 10, 2, 15, 7
5_7_18 11, 3, 7, 15, 4
8_16_08 8, 16, 4, 12, 5, 13, 1, 9
2_19_08 5, 13
7_9_06 6, 14, 2, 10, 7, 15, 3
4_11_04 5, 13, 1, 9
7_7_12 8, 16, 4, 12, 1, 9, 13
4_21_06 5, 13, 1, 9
8_19_02 2, 10, 14, 6, 3, 11, 15, 7
5_4_10 6, 14, 2, 10, 11
4_24_16 10, 2, 6, 14
5_2_04 3, 11, 15, 7, 16
3_26_22 10, 2, 6
1_29_16 12
1_8_16 14
7_29_04 6, 14, 2, 10, 3, 11, 15
2_12_02 16, 8
2_26_04 1, 9
7_26_16 11, 3, 7, 15, 8, 16, 4
2_26_22 10, 2
1_20_22 16
2_30_20 10, 2
6_11_08 7, 15, 3, 11, 8, 16
6_28_12 9, 1, 5, 13, 6, 14
1_3_10 14
4_5_02 3, 11, 15, 7
5_20_02 2, 10, 14, 6, 7
2_31_22 15, 7
2_17_00 1, 9
5_13_16 12, 4, 8, 16, 9
8_24_10 7, 15, 3, 11, 8, 16, 4, 12
5_5_00 2, 10, 14, 6, 3
6_9_16 11, 3, 7, 15, 12, 4
3_18_12 3, 11, 15
6_11_20 13, 5, 9, 1, 14, 6
6_30_08 8, 16, 4, 12, 1, 9
5_3_10 6, 14, 2, 10, 15
4_2_10 6, 14, 2, 10
7_22_14 9, 1, 5, 13, 6, 14, 2
5_30_20 14, 6, 10, 2, 7
6_15_12 10, 2, 6, 14, 7, 15
6_30_04 6, 14, 2, 10, 15, 7
1_27_20 5
3_27_00 3, 11, 7
2_16_12 6, 14
2_17_02 2, 10
4_12_08 7, 15, 3, 11
8_31_18 13, 5, 9, 1, 10, 2, 6, 14
2_16_02 1, 9
3_2_20 7, 15, 3
5_31_00 4, 12, 16, 8, 9
6_3_18 10, 2, 6, 14, 11, 3
8_23_16 10, 2, 6, 14, 11, 3, 7, 15
5_12_12 9, 1, 5, 13, 14
4_3_20 11, 3, 7, 15
6_16_06 7, 15, 3, 11, 16, 8
2_1_10 6, 14
1_15_04 14
3_10_08 3, 11, 15
6_11_04 5, 13, 1, 9, 6, 14
7_24_00 2, 10, 14, 6, 7, 15, 3
4_11_14 10, 2, 6, 14
2_23_00 2, 10
2_30_10 5, 13
3_20_18 6, 14, 10
4_15_04 6, 14, 2, 10
4_1_22 12, 4, 8, 16
8_4_06 4, 12, 16, 8, 5, 13, 1, 9
5_24_20 12, 4, 8, 16, 1
7_8_16 10, 2, 6, 14, 15, 7, 11
2_4_08 1, 9
1_25_22 14
5_28_04 5, 13, 1, 9, 10
5_27_22 14, 6, 10, 2, 7
7_9_18 12, 4, 8, 16, 13, 5, 9
8_25_10 8, 16, 4, 12, 9, 1, 5, 13
6_13_16 12, 4, 8, 16, 9, 1
1_3_14 16
3_14_02 1, 9, 13
8_13_22 15, 7, 11, 3, 12, 4, 8, 16
1_19_04 11
2_10_14 6, 14
6_22_16 10, 2, 6, 14, 7, 15
7_22_00 2, 10, 14, 6, 15, 7, 11
5_26_02 4, 12, 16, 8, 1
5_2_20 11, 3, 7, 15, 8
2_11_14 10, 2
8_27_00 3, 11, 15, 7, 4, 12, 16, 8
8_21_00 2, 10, 14, 6, 3, 11, 15, 7
6_14_10 9, 1, 5, 13, 2, 10
6_25_14 10, 2, 6, 14, 11, 3
3_18_18 6, 14, 2
5_29_20 14, 6, 10, 2, 11
4_26_18 12, 4, 8, 16
8_27_20 13, 5, 9, 1, 14, 6, 10, 2
3_20_10 2, 10, 6
5_9_10 8, 16, 4, 12, 9
1_10_12 5
5_25_10 8, 16, 4, 12, 9
6_27_08 7, 15, 3, 11, 8, 16
6_19_06 4, 12, 16, 8, 5, 13
4_6_00 2, 10, 14, 6
8_3_06 4, 12, 16, 8, 5, 13, 1, 9
5_28_02 4, 12, 16, 8, 9
8_21_10 7, 15, 3, 11, 8, 16, 4, 12
1_31_18 5
1_29_02 5
8_6_02 3, 11, 15, 7, 4, 12, 16, 8
6_24_22 13, 5, 9, 1, 10, 2
5_31_14 11, 3, 7, 15, 16
3_11_22 14, 6, 2
7_13_04 6, 14, 2, 10, 3, 11, 15
1_12_08 11
7_23_04 4, 12, 16, 8, 13, 5, 9
3_23_20 12, 4, 16
6_3_14 8, 16, 4, 12, 9, 1
7_5_06 5, 13, 1, 9, 6, 14, 2
2_2_00 13, 5
7_17_16 9, 1, 5, 13, 10, 2, 6
6_19_20 11, 3, 7, 15, 12, 4
1_8_18 15
6_29_08 8, 16, 4, 12, 5, 13
8_2_08 5, 13, 1, 9, 6, 14, 2, 10
7_2_18 10, 2, 6, 14, 7, 15, 3
6_31_10 9, 1, 5, 13, 6, 14
6_30_20 14, 6, 10, 2, 7, 15
7_3_22 12, 4, 8, 16, 5, 13, 1
1_22_10 3
5_31_04 6, 14, 2, 10, 11
5_3_08 5, 13, 1, 9, 14
2_7_02 3, 11
8_18_06 4, 12, 16, 8, 5, 13, 1, 9
7_14_22 15, 7, 11, 3, 8, 16, 4
4_31_18 13, 5, 9, 1
3_25_20 13, 5, 9
4_28_04 5, 13, 1, 9
2_19_22 12, 4
8_18_10 6, 14, 2, 10, 7, 15, 3, 11
4_27_22 14, 6, 10, 2
5_1_12 7, 15, 3, 11, 8
6_14_02 5, 13, 1, 9, 14, 6
5_8_10 7, 15, 3, 11, 12
6_1_08 5, 13, 1, 9, 6, 14
3_7_10 7, 15, 11
4_7_00 2, 10, 14, 6
8_26_20 13, 5, 9, 1, 14, 6, 10, 2
2_5_06 5, 13
6_6_04 4, 12, 16, 8, 1, 9
6_9_02 4, 12, 16, 8, 5, 13
8_12_02 4, 12, 16, 8, 5, 13, 1, 9
3_16_16 8, 16, 12
5_29_10 9, 1, 5, 13, 6
5_25_20 13, 5, 9, 1, 14
7_23_18 11, 3, 7, 15, 4, 12, 16
2_12_18 8, 16
8_13_00 4, 12, 16, 8, 1, 9, 13, 5
2_20_22 8, 16
4_16_14 11, 3, 7, 15
8_31_10 9, 1, 5, 13, 6, 14, 2, 10
7_5_22 13, 5, 9, 1, 14, 6, 10
8_15_04 6, 14, 2, 10, 3, 11, 15, 7
4_25_10 8, 16, 4, 12
1_17_20 11
1_6_18 7
7_12_14 10, 2, 6, 14, 15, 7, 11
6_16_04 6, 14, 2, 10, 15, 7
7_27_18 12, 4, 8, 16, 5, 13, 1
6_8_16 10, 2, 6, 14, 7, 15
7_7_16 10, 2, 6, 14, 3, 11, 15
5_4_14 8, 16, 4, 12, 13
2_20_08 1, 9
8_5_04 4, 12, 16, 8, 5, 13, 1, 9
7_29_16 12, 4, 8, 16, 9, 1, 5
7_25_12 9, 1, 5, 13, 10, 2, 6
3_11_18 12, 4, 16
1_5_18 11
3_17_12 7, 15, 3
5_10_12 9, 1, 5, 13, 6
3_8_06 1, 9, 5
5_19_02 2, 10, 14, 6, 11
1_13_12 10
2_2_22 8, 16
4_23_10 7, 15, 3, 11
7_12_22 14, 6, 10, 2, 3, 11, 15
6_7_16 10, 2, 6, 14, 11, 3
8_22_02 3, 11, 15, 7, 4, 12, 16, 8
5_30_04 6, 14, 2, 10, 15
3_2_14 4, 12, 16
6_8_08 6, 14, 2, 10, 3, 11
3_29_06 7, 15, 3
3_4_00 13, 5, 1
2_28_16 7, 15
7_10_08 7, 15, 3, 11, 4, 12, 16
8_28_12 9, 1, 5, 13, 10, 2, 6, 14
1_10_06 2
6_10_16 11, 3, 7, 15, 8, 16
7_23_20 12, 4, 8, 16, 5, 13, 1
3_13_18 13, 5, 9
5_2_16 9, 1, 5, 13, 6
8_31_00 4, 12, 16, 8, 1, 9, 13, 5
6_28_22 14, 6, 10, 2, 11, 3
5_20_14 8, 16, 4, 12, 13
5_11_14 10, 2, 6, 14, 3
5_7_12 8, 16, 4, 12, 1
4_10_10 8, 16, 4, 12
3_17_20 11, 3, 7
4_30_16 12, 4, 8, 16
5_12_10 8, 16, 4, 12, 13
5_30_18 13, 5, 9, 1, 6
5_11_04 5, 13, 1, 9, 14
7_4_04 3, 11, 15, 7, 8, 16, 4
6_1_14 8, 16, 4, 12, 9, 1
4_24_04 4, 12, 16, 8
3_22_02 15, 7, 11
4_3_18 10, 2, 6, 14
2_22_00 14, 6
6_6_22 13, 5, 9, 1, 10, 2
3_19_16 9, 1, 13
3_18_08 1, 9, 13
2_29_14 11, 3
2_22_18 7, 15
3_14_14 7, 15, 3
6_7_08 6, 14, 2, 10, 7, 15
2_26_00 15, 7
1_14_16 8
6_12_22 14, 6, 10, 2, 11, 3
2_31_08 8, 16
3_26_02 16, 8, 12
2_31_04 6, 14
7_6_20 12, 4, 8, 16, 9, 1, 5
3_12_10 4, 12, 8
8_15_08 8, 16, 4, 12, 5, 13, 1, 9
2_9_16 11, 3
3_23_18 11, 3, 15
5_15_14 11, 3, 7, 15, 16
5_18_00 1, 9, 13, 5, 14
4_19_16 9, 1, 5, 13
7_26_06 6, 14, 2, 10, 3, 11, 15
8_28_22 14, 6, 10, 2, 15, 7, 11, 3
2_15_08 8, 16
6_29_14 11, 3, 7, 15, 8, 16
3_25_04 5, 13, 1
8_6_04 4, 12, 16, 8, 5, 13, 1, 9
8_8_14 9, 1, 5, 13, 10, 2, 6, 14
6_10_08 7, 15, 3, 11, 4, 12
8_24_02 3, 11, 15, 7, 4, 12, 16, 8
7_31_16 12, 4, 8, 16, 1, 9, 13
2_9_00 3, 11
4_11_20 13, 5, 9, 1
7_7_08 6, 14, 2, 10, 15, 7, 11
1_21_12 8
3_31_16 12, 4, 16
2_29_10 9, 1
7_19_14 8, 16, 4, 12, 1, 9, 13
7_14_08 8, 16, 4, 12, 1, 9, 13
1_19_18 2
3_4_14 4, 12, 8
3_5_12 8, 16, 4
5_16_02 5, 13, 1, 9, 6
2_5_10 7, 15
7_23_14 9, 1, 5, 13, 2, 10, 14
5_27_06 6, 14, 2, 10, 15
2_5_12 8, 16
1_11_00 11
6_26_02 4, 12, 16, 8, 1, 9
2_29_16 12, 4
8_9_16 11, 3, 7, 15, 12, 4, 8, 16
6_9_20 13, 5, 9, 1, 14, 6
7_21_16 10, 2, 6, 14, 11, 3, 7
8_8_08 6, 14, 2, 10, 7, 15, 3, 11
2_11_16 11, 3
8_18_00 1, 9, 13, 5, 2, 10, 14, 6
4_14_02 5, 13, 1, 9
8_1_20 11, 3, 7, 15, 12, 4, 8, 16
3_17_14 8, 16, 4
7_19_22 12, 4, 8, 16, 5, 13, 1
6_11_00 3, 11, 15, 7, 4, 12
5_30_02 5, 13, 1, 9, 14
4_20_18 10, 2, 6, 14
8_7_14 9, 1, 5, 13, 10, 2, 6, 14
4_3_16 9, 1, 5, 13
1_20_18 14
4_3_06 4, 12, 16, 8
5_18_04 3, 11, 15, 7, 16
4_6_16 10, 2, 6, 14
7_30_16 12, 4, 8, 16, 5, 13, 1
7_12_20 13, 5, 9, 1, 2, 10, 14
6_25_22 14, 6, 10, 2, 15, 7
6_17_06 4, 12, 16, 8, 5, 13
1_11_22 6
4_9_04 5, 13, 1, 9
4_25_06 6, 14, 2, 10
3_26_10 4, 12, 16
7_29_06 7, 15, 3, 11, 4, 12, 16
5_6_20 12, 4, 8, 16, 9
5_14_20 14, 6, 10, 2, 7
2_11_20 13, 5
7_2_06 4, 12, 16, 8, 1, 9, 13
7_11_18 12, 4, 8, 16, 5, 13, 1
5_17_12 7, 15, 3, 11, 8
2_21_00 2, 10
7_14_02 5, 13, 1, 9, 14, 6, 10
4_20_12 7, 15, 3, 11
3_11_06 6, 14, 10
5_19_00 1, 9, 13, 5, 10
5_7_04 4, 12, 16, 8, 13
7_1_02 2, 10, 14, 6, 3, 11, 15
7_11_00 3, 11, 15, 7, 12, 4, 8
6_1_10 6, 14, 2, 10, 7, 15
6_7_22 13, 5, 9, 1, 14, 6
6_27_10 8, 16, 4, 12, 9, 1
3_19_22 12, 4, 16
1_7_14 1
5_12_00 3, 11, 15, 7, 8
8_19_10 6, 14, 2, 10, 7, 15, 3, 11
2_17_20 11, 3
8_30_18 13, 5, 9, 1, 10, 2, 6, 14
3_9_22 14, 6, 10
7_5_08 6, 14, 2, 10, 7, 15, 3
5_9_12 9, 1, 5, 13, 10
6_30_18 13, 5, 9, 1, 6, 14
2_2_18 6, 14
8_20_06 4, 12, 16, 8, 5, 13, 1, 9
5_30_22 15, 7, 11, 3, 8
4_17_02 2, 10, 14, 6
8_12_04 5, 13, 1, 9, 6, 14, 2, 10
1_9_16 11
3_15_08 8, 16, 12
1_21_20 12
8_28_16 11, 3, 7, 15, 12, 4, 8, 16
3_29_00 4,12, 16
8_4_04 3, 11, 15, 7, 4, 12, 16, 8
8_25_20 13, 5, 9, 1, 14, 6, 10, 2
1_6_20 8
6_6_10 7, 15, 3, 11, 4, 12
8_7_20 12, 4, 8, 16, 13, 5, 9, 1
3_16_18 9, 1, 13
3_26_06 2, 10, 14
8_1_04 3, 11, 15, 7, 4, 12, 16, 8
3_29_08 8, 16, 4
2_22_10 3, 11
3_15_10 9, 1, 13
1_1_00 1
7_25_10 8, 16, 4, 12, 9, 1, 5
6_18_20 11, 3, 7, 15, 8, 16
2_8_10 3, 11
8_3_16 9, 1, 5, 13, 10, 2, 6, 14
4_24_12 8, 16, 4, 12
2_11_06 6, 14
3_1_14 8, 16, 4
7_7_00 2, 10, 14, 6, 11, 3, 7
2_4_22 8, 16
5_14_02 5, 13, 1, 9, 14
7_26_02 4, 12, 16, 8, 1, 9, 13
5_15_22 15, 7, 11, 3, 4
6_1_06 4, 12, 16, 8, 5, 13
5_8_22 13, 5, 9, 1, 2
7_28_02 4, 12, 16, 8, 9, 1, 5
4_29_10 9, 1, 5, 13
2_7_10 7, 15
1_28_22 2
4_24_02 3, 11, 15, 7
2_21_16 10, 2
1_12_14 14
3_13_00 4,12, 16
8_15_14 11, 3, 7, 15, 8, 16, 4, 12
2_15_10 9, 1
6_15_18 13, 5, 9, 1, 10, 2
7_15_12 10, 2, 6, 14, 15, 7, 11
3_29_04 6, 14, 2
8_31_06 7, 15, 3, 11, 4, 12, 16, 8
7_1_08 5, 13, 1, 9, 6, 14, 2
3_20_22 8, 16, 12
4_13_00 4,12, 16, 8
7_25_16 11, 3, 7, 15, 12, 4, 8
4_3_08 5, 13, 1, 9
2_25_22 14, 6
8_11_10 8, 16, 4, 12, 9, 1, 5, 13
3_19_04 3, 11, 7
3_7_00 2, 10, 6
5_26_04 5, 13, 1, 9, 2
6_5_08 6, 14, 2, 10, 7, 15
5_1_20 11, 3, 7, 15, 12
7_23_12 8, 16, 4, 12, 1, 9, 13
2_25_06 6, 14
1_11_12 1
4_12_00 3, 11, 15, 7
6_25_06 6, 14, 2, 10, 7, 15
4_16_02 5, 13, 1, 9
1_14_00 16
6_8_10 7, 15, 3, 11, 4, 12
2_22_20 8, 16
4_21_18 11, 3, 7, 15
4_25_22 14, 6, 10, 2
1_1_06 4
5_3_20 11, 3, 7, 15, 4
6_26_08 7, 15, 3, 11, 4, 12
5_26_12 9, 1, 5, 13, 6
7_11_14 10, 2, 6, 14, 3, 11, 15
2_6_18 7, 15
3_7_16 10, 2, 14
6_19_04 3, 11, 15, 7, 4, 12
8_30_00 4, 12, 16, 8, 1, 9, 13, 5
7_31_12 10, 2, 6, 14, 15, 7, 11
5_10_04 5, 13, 1, 9, 2
3_28_18 8, 16, 12
2_15_16 12, 4
7_20_02 2, 10, 14, 6, 7, 15, 3
2_19_16 9, 1
5_27_14 10, 2, 6, 14, 3
6_13_14 11, 3, 7, 15, 8, 16
3_30_04 2, 10, 14
5_6_02 3, 11, 15, 7, 16
3_28_14 6, 14, 10
3_20_04 15, 7, 3
7_2_04 3, 11, 15, 7, 16, 8, 12
5_2_14 8, 16, 4, 12, 5
1_1_14 8
4_5_06 5, 13, 1, 9
6_13_04 6, 14, 2, 10, 3, 11
7_28_08 7, 15, 3, 11, 12, 4, 8
6_3_04 3, 11, 15, 7, 4, 12
2_27_20 13, 5
2_17_22 12, 4
8_23_14 9, 1, 5, 13, 10, 2, 6, 14
6_12_12 9, 1, 5, 13, 6, 14
8_18_16 9, 1, 5, 13, 10, 2, 6, 14
5_5_08 6, 14, 2, 10, 7
6_22_14 9, 1, 5, 13, 6, 14
6_16_08 8, 16, 4, 12, 1, 9
8_18_20 11, 3, 7, 15, 12, 4, 8, 16
4_16_04 6, 14, 2, 10
7_28_10 8, 16, 4, 12, 13, 5, 9
4_17_00 1, 9, 13, 5
6_16_12 10, 2, 6, 14, 3, 11
3_22_20 8, 16, 4
3_23_22 13, 5, 1
2_11_12 9, 1
6_12_16 11, 3, 7, 15, 8, 16
3_8_14 5, 13, 9
5_25_18 12, 4, 8, 16, 13
3_19_14 8, 16, 12
1_31_10 1
7_4_00 1, 9, 13, 5, 6, 14, 2
5_12_06 6, 14, 2, 10, 11
4_22_14 9, 1, 5, 13
4_9_02 4, 12, 16, 8
2_4_12 3, 11
4_30_14 11, 3, 7, 15
6_13_18 13, 5, 9, 1, 10, 2
1_12_16 15
3_11_02 4, 12, 8
4_29_12 10, 2, 6, 14
2_19_04 3, 11
5_13_08 8, 16, 4, 12, 5
7_28_20 13, 5, 9, 1, 2, 10, 14
4_12_14 10, 2, 6, 14
8_24_08 6, 14, 2, 10, 7, 15, 3, 11
4_11_10 8, 16, 4, 12
3_18_02 14, 6, 10
6_2_06 4, 12, 16, 8, 1, 9
1_6_08 2
7_4_14 8, 16, 4, 12, 13, 5, 9
6_21_12 8, 16, 4, 12, 9, 1
1_8_20 16
2_8_12 4, 12
8_2_18 10, 2, 6, 14, 11, 3, 7, 15
8_3_14 8, 16, 4, 12, 9, 1, 5, 13
1_11_16 3
2_17_12 7, 15
2_16_14 7, 15
7_1_16 9, 1, 5, 13, 10, 2, 6
5_5_20 12, 4, 8, 16, 13
2_27_12 9, 1
5_20_12 7, 15, 3, 11, 12
2_1_02 2, 10
3_12_22 10, 2, 14
5_12_02 4, 12, 16, 8, 9
2_30_12 6, 14
1_25_06 6
5_20_00 1, 9, 13, 5, 6
7_23_02 3, 11, 15, 7, 12, 4, 8
6_9_06 6, 14, 2, 10, 7, 15
5_2_08 5, 13, 1, 9, 2
7_17_20 11, 3, 7, 15, 12, 4, 8
4_20_06 4, 12, 16, 8
7_21_04 4, 12, 16, 8, 5, 13, 1
4_19_06 4, 12, 16, 8
6_29_02 5, 13, 1, 9, 2, 10
8_22_16 10, 2, 6, 14, 11, 3, 7, 15
4_13_12 10, 2, 6, 14
1_12_18 16
5_18_02 2, 10, 14, 6, 15
7_21_06 5, 13, 1, 9, 6, 14, 2
6_3_08 5, 13, 1, 9, 6, 14
3_15_20 14, 6, 2
