6_13_14 11, 3, 7, 15, 8, 16
7_2_14 8, 16, 4, 12, 5, 13, 1
1_10_02 16
6_28_22 14, 6, 10, 2, 11, 3
4_16_16 12, 4, 8, 16
4_23_14 9, 1, 5, 13
2_1_20 11, 3
1_27_22 6
5_29_14 11, 3, 7, 15, 8
6_1_14 8, 16, 4, 12, 9, 1
5_1_10 6, 14, 2, 10, 7
5_13_02 5, 13, 1, 9, 2
2_9_02 4, 12
3_31_04 6, 14, 10
4_20_04 3, 11, 15, 7
5_20_22 12, 4, 8, 16, 1
8_27_02 4, 12, 16, 8, 5, 13, 1, 9
6_16_22 15, 7, 11, 3, 8, 16
3_17_18 10, 2, 6
8_3_02 2, 10, 14, 6, 3, 11, 15, 7
7_28_22 14, 6, 10, 2, 3, 11, 15
5_15_08 8, 16, 4, 12, 13
5_21_12 8, 16, 4, 12, 9
5_27_14 10, 2, 6, 14, 3
1_16_22 3
8_24_18 11, 3, 7, 15, 12, 4, 8, 16
3_3_20 11, 3, 15
2_25_10 8, 16
5_14_10 9, 1, 5, 13, 2
3_28_14 6, 14, 10
8_8_10 7, 15, 3, 11, 8, 16, 4, 12
2_23_02 3, 11
6_30_18 13, 5, 9, 1, 6, 14
4_4_06 4, 12, 16, 8
6_17_16 9, 1, 5, 13, 10, 2
6_28_08 7, 15, 3, 11, 4, 12
3_18_02 14, 6, 10
8_6_22 13, 5, 9, 1, 14, 6, 10, 2
3_24_00 14, 6, 2
1_30_10 5
1_29_22 15
2_20_22 8, 16
5_20_12 7, 15, 3, 11, 12
5_1_12 7, 15, 3, 11, 8
8_31_04 6, 14, 2, 10, 3, 11, 15, 7
2_4_22 8, 16
5_17_18 10, 2, 6, 14, 11
6_31_06 7, 15, 3, 11, 4, 12
7_13_22 15, 7, 11, 3, 12, 4, 8
3_13_18 13, 5, 9
2_14_08 4, 12
4_2_04 3, 11, 15, 7
1_21_16 10
4_23_02 3, 11, 15, 7
3_4_22 8, 16, 12
3_18_16 5, 13, 1
2_24_14 5, 13
7_10_08 7, 15, 3, 11, 4, 12, 16
6_1_00 1, 9, 13, 5, 2, 10
5_8_00 2, 10, 14, 6, 7
6_29_12 10, 2, 6, 14, 7, 15
8_30_18 13, 5, 9, 1, 10, 2, 6, 14
5_2_00 1, 9, 13, 5, 14
7_21_04 4, 12, 16, 8, 5, 13, 1
1_30_20 10
3_31_10 9, 1, 13
7_24_14 9, 1, 5, 13, 14, 6, 10
4_5_02 3, 11, 15, 7
2_11_16 11, 3
8_14_14 11, 3, 7, 15, 8, 16, 4, 12
2_23_14 9, 1
4_29_06 7, 15, 3, 11
1_20_16 13
7_17_00 1, 9, 13, 5, 2, 10, 14
3_15_04 6, 14, 10
8_9_12 9, 1, 5, 13, 10, 2, 6, 14
4_30_18 13, 5, 9, 1
1_5_20 12
1_31_18 5
6_6_08 6, 14, 2, 10, 3, 11
1_13_10 9
3_29_00 4,12, 16
6_2_00 1, 9, 13, 5, 14, 6
1_10_08 3
2_12_20 9, 1
3_16_20 10, 2, 14
6_21_02 3, 11, 15, 7, 4, 12
4_9_10 8, 16, 4, 12
6_12_02 4, 12, 16, 8, 1, 9
1_21_06 5
7_27_08 7, 15, 3, 11, 16, 8, 12
4_26_04 5, 13, 1, 9
7_23_08 6, 14, 2, 10, 15, 7, 11
2_26_02 16, 8
8_25_04 5, 13, 1, 9, 6, 14, 2, 10
5_30_06 7, 15, 3, 11, 16
6_23_06 5, 13, 1, 9, 6, 14
8_28_16 11, 3, 7, 15, 12, 4, 8, 16
2_13_04 6, 14
3_14_12 6, 14, 2
6_21_12 8, 16, 4, 12, 9, 1
7_14_22 15, 7, 11, 3, 8, 16, 4
5_7_10 7, 15, 3, 11, 16
1_29_10 9
1_14_22 11
7_31_14 11, 3, 7, 15, 16, 8, 12
8_18_00 1, 9, 13, 5, 2, 10, 14, 6
8_5_10 7, 15, 3, 11, 8, 16, 4, 12
3_28_12 5, 13, 9
2_26_00 15, 7
1_7_14 1
6_15_10 9, 1, 5, 13, 6, 14
1_12_08 11
1_9_08 7
7_27_18 12, 4, 8, 16, 5, 13, 1
7_16_08 8, 16, 4, 12, 9, 1, 5
5_6_12 8, 16, 4, 12, 5
4_26_18 12, 4, 8, 16
7_3_12 7, 15, 3, 11, 16, 8, 12
7_7_00 2, 10, 14, 6, 11, 3, 7
1_20_20 15
6_22_14 9, 1, 5, 13, 6, 14
8_4_06 4, 12, 16, 8, 5, 13, 1, 9
1_25_06 6
8_18_06 4, 12, 16, 8, 5, 13, 1, 9
6_21_08 6, 14, 2, 10, 7, 15
1_20_10 10
6_3_20 11, 3, 7, 15, 12, 4
6_22_08 6, 14, 2, 10, 3, 11
1_9_02 4
5_19_00 1, 9, 13, 5, 10
3_1_04 3, 11, 15
6_26_02 4, 12, 16, 8, 1, 9
8_19_00 1, 9, 13, 5, 2, 10, 14, 6
6_22_02 3, 11, 15, 7, 16, 8
2_5_00 2, 10
7_4_02 2, 10, 14, 6, 7, 15, 3
8_31_14 11, 3, 7, 15, 8, 16, 4, 12
3_14_00 16, 8, 12
7_16_18 13, 5, 9, 1, 14, 6, 10
8_8_22 13, 5, 9, 1, 14, 6, 10, 2
4_15_02 5, 13, 1, 9
4_1_14 8, 16, 4, 12
8_26_06 6, 14, 2, 10, 7, 15, 3, 11
1_22_02 15
5_26_14 10, 2, 6, 14, 7
3_31_18 13, 5, 1
5_15_10 9, 1, 5, 13, 14
7_16_00 4, 12, 16, 8, 5, 13, 1
7_25_12 9, 1, 5, 13, 10, 2, 6
8_9_04 5, 13, 1, 9, 6, 14, 2, 10
8_26_22 14, 6, 10, 2, 15, 7, 11, 3
3_23_06 5, 13, 9
2_24_18 7, 15
5_30_02 5, 13, 1, 9, 14
5_8_20 12, 4, 8, 16, 1
3_2_20 7, 15, 3
2_30_14 7, 15
3_10_00 15, 7, 11
2_4_00 13, 5
2_22_10 3, 11
7_26_14 10, 2, 6, 14, 7, 15, 3
4_26_08 7, 15, 3, 11
8_13_16 12, 4, 8, 16, 9, 1, 5, 13
4_10_18 12, 4, 8, 16
2_28_14 6, 14
7_23_10 7, 15, 3, 11, 16, 8, 12
2_2_06 16, 8
4_26_12 9, 1, 5, 13
2_26_18 8, 16
3_8_00 14, 6, 2
5_28_02 4, 12, 16, 8, 9
8_19_14 8, 16, 4, 12, 9, 1, 5, 13
4_16_00 4,12, 16, 8
5_3_06 4, 12, 16, 8, 13
2_26_22 10, 2
4_16_04 6, 14, 2, 10
1_4_06 8
7_29_08 8, 16, 4, 12, 5, 13, 1
2_21_22 13, 5
7_18_18 10, 2, 6, 14, 7, 15, 3
5_26_22 14, 6, 10, 2, 11
8_7_10 7, 15, 3, 11, 8, 16, 4, 12
6_24_04 4, 12, 16, 8, 1, 9
5_2_06 4, 12, 16, 8, 1
6_2_02 2, 10, 14, 6, 15, 7
3_5_08 6, 14, 2
3_27_14 10, 2, 14
5_31_02 5, 13, 1, 9, 10
5_26_04 5, 13, 1, 9, 2
2_10_12 5, 13
4_24_04 4, 12, 16, 8
1_17_02 2
2_25_08 7, 15
8_23_20 12, 4, 8, 16, 13, 5, 9, 1
2_14_22 11, 3
8_15_04 6, 14, 2, 10, 3, 11, 15, 7
8_24_20 12, 4, 8, 16, 13, 5, 9, 1
8_21_12 8, 16, 4, 12, 9, 1, 5, 13
4_14_20 14, 6, 10, 2
3_12_06 2, 10, 6
4_29_04 6, 14, 2, 10
3_7_20 12, 4, 16
5_10_12 9, 1, 5, 13, 6
6_4_06 4, 12, 16, 8, 1, 9
5_14_02 5, 13, 1, 9, 14
2_1_08 5, 13
8_11_16 11, 3, 7, 15, 12, 4, 8, 16
8_20_14 8, 16, 4, 12, 9, 1, 5, 13
5_1_20 11, 3, 7, 15, 12
7_8_18 11, 3, 7, 15, 16, 8, 12
5_13_22 15, 7, 11, 3, 12
6_22_10 7, 15, 3, 11, 4, 12
2_31_08 8, 16
1_27_10 16
3_7_18 11, 3, 15
3_16_14 7, 15, 11
7_19_04 3, 11, 15, 7, 12, 4, 8
8_6_12 8, 16, 4, 12, 9, 1, 5, 13
8_18_10 6, 14, 2, 10, 7, 15, 3, 11
8_1_06 4, 12, 16, 8, 5, 13, 1, 9
3_6_08 2, 10, 14
6_7_20 12, 4, 8, 16, 13, 5
2_20_00 13, 5
4_2_12 7, 15, 3, 11
6_18_12 7, 15, 3, 11, 4, 12
2_27_02 4, 12
1_30_04 2
3_16_08 4, 12, 8
4_26_20 13, 5, 9, 1
6_26_16 11, 3, 7, 15, 8, 16
2_10_08 3, 11
3_13_20 14, 6, 10
5_25_10 8, 16, 4, 12, 9
3_29_06 7, 15, 3
1_18_12 3
8_27_08 7, 15, 3, 11, 8, 16, 4, 12
2_11_08 7, 15
4_1_12 7, 15, 3, 11
3_14_20 10, 2, 6
3_9_16 11, 3, 7
4_1_08 5, 13, 1, 9
4_15_06 7, 15, 3, 11
3_30_00 16, 8, 12
3_27_10 8, 16, 12
1_2_18 6
1_13_14 11
4_28_14 10, 2, 6, 14
1_19_00 9
4_15_22 15, 7, 11, 3
7_26_04 5, 13, 1, 9, 2, 10, 14
1_18_08 1
6_16_08 8, 16, 4, 12, 1, 9
4_7_10 7, 15, 3, 11
7_18_22 12, 4, 8, 16, 9, 1, 5
6_26_18 12, 4, 8, 16, 9, 1
4_3_02 2, 10, 14, 6
2_17_08 5, 13
7_24_06 5, 13, 1, 9, 10, 2, 6
2_29_06 7, 15
8_6_18 11, 3, 7, 15, 12, 4, 8, 16
7_19_20 11, 3, 7, 15, 4, 12, 16
3_27_20 13, 5, 1
5_15_12 10, 2, 6, 14, 15
3_8_12 4, 12, 8
5_23_20 12, 4, 8, 16, 5
2_14_16 8, 16
7_26_18 12, 4, 8, 16, 9, 1, 5
6_5_12 8, 16, 4, 12, 9, 1
7_3_08 5, 13, 1, 9, 14, 6, 10
1_18_14 4
2_18_06 16, 8
4_7_02 3, 11, 15, 7
4_28_10 8, 16, 4, 12
5_26_18 12, 4, 8, 16, 9
1_14_16 8
2_29_14 11, 3
3_11_00 3, 11, 7
2_28_20 9, 1
2_8_20 8, 16
5_27_18 12, 4, 8, 16, 5
6_25_06 6, 14, 2, 10, 7, 15
3_26_04 1, 9, 13
6_23_00 2, 10, 14, 6, 3, 11
6_12_16 11, 3, 7, 15, 8, 16
4_28_06 6, 14, 2, 10
2_30_12 6, 14
7_8_02 3, 11, 15, 7, 8, 16, 4
3_21_04 4, 12, 16
1_13_22 15
7_31_12 10, 2, 6, 14, 15, 7, 11
4_11_04 5, 13, 1, 9
6_2_18 10, 2, 6, 14, 7, 15
7_20_20 11, 3, 7, 15, 16, 8, 12
4_16_10 9, 1, 5, 13
6_19_04 3, 11, 15, 7, 4, 12
3_12_12 5, 13, 9
8_9_18 12, 4, 8, 16, 13, 5, 9, 1
7_7_14 9, 1, 5, 13, 2, 10, 14
6_11_02 4, 12, 16, 8, 5, 13
7_1_04 3, 11, 15, 7, 4, 12, 16
7_30_12 10, 2, 6, 14, 3, 11, 15
3_10_10 4, 12, 16
2_13_14 11, 3
4_13_00 4,12, 16, 8
6_6_16 10, 2, 6, 14, 7, 15
4_29_08 8, 16, 4, 12
1_10_10 4
2_10_10 4, 12
5_23_12 8, 16, 4, 12, 1
4_27_22 14, 6, 10, 2
1_7_22 5
8_10_06 6, 14, 2, 10, 7, 15, 3, 11
4_29_22 15, 7, 11, 3
6_10_10 8, 16, 4, 12, 5, 13
4_15_14 11, 3, 7, 15
3_31_20 14, 6, 2
5_19_08 5, 13, 1, 9, 14
7_6_22 13, 5, 9, 1, 10, 2, 6
7_21_08 6, 14, 2, 10, 7, 15, 3
4_24_00 2, 10, 14, 6
3_26_06 2, 10, 14
1_14_04 2
4_19_22 12, 4, 8, 16
3_29_10 9, 1, 5
1_26_12 5
5_12_22 14, 6, 10, 2, 3
7_9_14 10, 2, 6, 14, 11, 3, 7
4_22_00 2, 10, 14, 6
7_20_22 12, 4, 8, 16, 1, 9, 13
1_2_04 15
4_13_18 13, 5, 9, 1
3_17_00 1, 9, 13
1_14_20 10
3_20_04 15, 7, 3
2_5_12 8, 16
6_14_06 7, 15, 3, 11, 16, 8
4_4_14 8, 16, 4, 12
3_3_18 10, 2, 14
7_17_14 8, 16, 4, 12, 9, 1, 5
8_20_00 1, 9, 13, 5, 2, 10, 14, 6
6_5_08 6, 14, 2, 10, 7, 15
6_24_00 2, 10, 14, 6, 15, 7
5_10_16 11, 3, 7, 15, 8
8_14_02 5, 13, 1, 9, 2, 10, 14, 6
2_18_14 4, 12
4_23_00 2, 10, 14, 6
4_5_12 8, 16, 4, 12
3_17_20 11, 3, 7
6_9_22 14, 6, 10, 2, 15, 7
4_9_14 10, 2, 6, 14
3_30_02 1, 9, 13
3_20_06 16, 8, 4
5_21_08 6, 14, 2, 10, 7
3_26_18 8, 16, 4
2_25_18 12, 4
3_30_04 2, 10, 14
8_19_06 4, 12, 16, 8, 5, 13, 1, 9
6_14_16 12, 4, 8, 16, 5, 13
2_15_16 12, 4
2_14_06 3, 11
6_14_12 10, 2, 6, 14, 3, 11
3_21_06 5, 13, 1
1_31_12 2
4_7_08 6, 14, 2, 10
2_9_18 12, 4
6_31_10 9, 1, 5, 13, 6, 14
7_29_10 9, 1, 5, 13, 6, 14, 2
3_18_20 7, 15, 3
8_13_12 10, 2, 6, 14, 7, 15, 3, 11
2_22_18 7, 15
1_31_06 15
5_8_06 5, 13, 1, 9, 10
6_30_22 15, 7, 11, 3, 8, 16
5_4_10 6, 14, 2, 10, 11
5_19_14 8, 16, 4, 12, 1
5_1_00 1, 9, 13, 5, 2
8_19_08 5, 13, 1, 9, 6, 14, 2, 10
8_22_06 5, 13, 1, 9, 6, 14, 2, 10
3_3_00 1, 9, 5
2_16_20 10, 2
8_12_14 10, 2, 6, 14, 11, 3, 7, 15
5_12_06 6, 14, 2, 10, 11
5_24_02 3, 11, 15, 7, 8
6_15_08 8, 16, 4, 12, 5, 13
2_3_18 10, 2
5_17_00 1, 9, 13, 5, 2
3_31_08 8, 16, 12
8_18_20 11, 3, 7, 15, 12, 4, 8, 16
8_23_12 8, 16, 4, 12, 9, 1, 5, 13
6_19_18 10, 2, 6, 14, 11, 3
1_16_12 14
3_2_00 13, 5, 9
3_25_20 13, 5, 9
2_15_04 6, 14
2_19_14 8, 16
7_10_22 14, 6, 10, 2, 11, 3, 7
8_18_14 8, 16, 4, 12, 9, 1, 5, 13
1_23_10 15
8_29_04 6, 14, 2, 10, 3, 11, 15, 7
3_2_02 14, 6, 10
3_8_04 16, 8, 4
8_15_14 11, 3, 7, 15, 8, 16, 4, 12
8_3_10 6, 14, 2, 10, 7, 15, 3, 11
7_29_14 11, 3, 7, 15, 8, 16, 4
5_24_22 13, 5, 9, 1, 2
3_23_04 4, 12, 8
2_29_04 6, 14
1_18_04 15
3_20_16 5, 13, 9
8_13_08 8, 16, 4, 12, 5, 13, 1, 9
6_29_04 6, 14, 2, 10, 3, 11
2_14_02 1, 9
6_21_16 10, 2, 6, 14, 11, 3
5_9_06 6, 14, 2, 10, 7
6_15_06 7, 15, 3, 11, 4, 12
3_8_16 6, 14, 10
1_30_18 9
6_11_12 9, 1, 5, 13, 10, 2
6_4_14 8, 16, 4, 12, 5, 13
3_10_14 6, 14, 2
7_23_12 8, 16, 4, 12, 1, 9, 13
3_30_20 10, 2, 6
2_5_06 5, 13
6_11_04 5, 13, 1, 9, 6, 14
2_1_00 1, 9
4_27_00 3, 11, 15, 7
3_13_14 11, 3, 7
1_8_22 1
5_26_12 9, 1, 5, 13, 6
5_6_06 5, 13, 1, 9, 2
2_18_12 3, 11
5_31_10 9, 1, 5, 13, 14
8_28_06 6, 14, 2, 10, 7, 15, 3, 11
2_21_14 9, 1
7_22_22 13, 5, 9, 1, 10, 2, 6
5_22_22 13, 5, 9, 1, 10
6_9_14 10, 2, 6, 14, 11, 3
6_24_12 8, 16, 4, 12, 5, 13
3_24_08 2, 10, 6
3_21_08 6, 14, 2
1_22_06 1
2_12_16 7, 15
2_6_14 5, 13
8_27_14 10, 2, 6, 14, 11, 3, 7, 15
8_17_00 1, 9, 13, 5, 2, 10, 14, 6
1_22_12 4
4_25_08 7, 15, 3, 11
3_10_08 3, 11, 15
6_16_02 5, 13, 1, 9, 14, 6
7_9_22 14, 6, 10, 2, 15, 7, 11
4_1_20 11, 3, 7, 15
4_6_16 10, 2, 6, 14
7_23_02 3, 11, 15, 7, 12, 4, 8
4_4_04 3, 11, 15, 7
6_7_12 8, 16, 4, 12, 9, 1
2_14_12 6, 14
2_27_16 11, 3
4_21_18 11, 3, 7, 15
1_25_16 11
7_23_22 13, 5, 9, 1, 6, 14, 2
7_22_06 5, 13, 1, 9, 2, 10, 14
7_25_20 13, 5, 9, 1, 14, 6, 10
3_10_02 16, 8, 12
7_20_18 10, 2, 6, 14, 15, 7, 11
5_18_20 11, 3, 7, 15, 8
6_21_18 11, 3, 7, 15, 12, 4
3_10_04 1, 9, 13
1_1_16 9
7_18_02 2, 10, 14, 6, 15, 7, 11
8_1_00 1, 9, 13, 5, 2, 10, 14, 6
7_9_12 9, 1, 5, 13, 10, 2, 6
7_26_10 8, 16, 4, 12, 5, 13, 1
5_3_04 3, 11, 15, 7, 12
5_14_22 15, 7, 11, 3, 8
8_21_22 13, 5, 9, 1, 14, 6, 10, 2
2_8_22 9, 1
7_30_08 8, 16, 4, 12, 1, 9, 13
4_3_04 3, 11, 15, 7
3_10_12 5, 13, 1
5_9_10 8, 16, 4, 12, 9
8_24_14 9, 1, 5, 13, 10, 2, 6, 14
4_12_08 7, 15, 3, 11
6_14_20 14, 6, 10, 2, 7, 15
7_23_06 5, 13, 1, 9, 14, 6, 10
7_13_20 14, 6, 10, 2, 11, 3, 7
2_4_10 2, 10
1_31_10 1
6_18_04 3, 11, 15, 7, 16, 8
5_4_16 9, 1, 5, 13, 14
5_16_22 15, 7, 11, 3, 16
3_21_16 10, 2, 6
6_6_00 2, 10, 14, 6, 15, 7
7_18_12 7, 15, 3, 11, 4, 12, 16
8_23_16 10, 2, 6, 14, 11, 3, 7, 15
7_14_08 8, 16, 4, 12, 1, 9, 13
1_25_12 9
1_26_16 7
1_2_00 13
6_17_04 3, 11, 15, 7, 4, 12
6_17_10 6, 14, 2, 10, 7, 15
3_9_18 12, 4, 8
2_16_04 2, 10
2_24_04 16, 8
5_1_04 3, 11, 15, 7, 4
2_24_16 6, 14
6_3_16 9, 1, 5, 13, 10, 2
3_12_00 15, 7, 3
5_9_04 5, 13, 1, 9, 6
8_16_22 15, 7, 11, 3, 12, 4, 8, 16
6_25_16 11, 3, 7, 15, 12, 4
8_5_16 10, 2, 6, 14, 11, 3, 7, 15
6_19_00 1, 9, 13, 5, 2, 10
5_21_00 2, 10, 14, 6, 3
1_15_08 16
8_27_06 6, 14, 2, 10, 7, 15, 3, 11
8_29_08 8, 16, 4, 12, 5, 13, 1, 9
1_7_20 4
4_12_22 14, 6, 10, 2
5_28_04 5, 13, 1, 9, 10
1_13_04 6
6_23_04 4, 12, 16, 8, 5, 13
6_18_18 10, 2, 6, 14, 7, 15
4_5_14 9, 1, 5, 13
6_28_14 10, 2, 6, 14, 7, 15
6_30_10 9, 1, 5, 13, 2, 10
8_26_16 11, 3, 7, 15, 12, 4, 8, 16
8_3_16 9, 1, 5, 13, 10, 2, 6, 14
7_9_08 7, 15, 3, 11, 8, 16, 4
2_31_00 4,12
8_24_04 4, 12, 16, 8, 5, 13, 1, 9
2_10_02 16, 8
8_12_10 8, 16, 4, 12, 9, 1, 5, 13
1_15_16 4
8_10_20 13, 5, 9, 1, 14, 6, 10, 2
3_6_06 1, 9, 13
2_7_02 3, 11
2_8_02 15, 7
6_19_20 11, 3, 7, 15, 12, 4
2_30_00 16, 8
3_5_06 5, 13, 1
1_19_04 11
5_4_12 7, 15, 3, 11, 12
5_25_16 11, 3, 7, 15, 12
6_25_14 10, 2, 6, 14, 11, 3
7_27_10 8, 16, 4, 12, 1, 9, 13
5_13_10 9, 1, 5, 13, 6
6_9_08 7, 15, 3, 11, 8, 16
2_14_10 5, 13
1_7_04 12
4_4_10 6, 14, 2, 10
5_3_02 2, 10, 14, 6, 11
3_30_14 7, 15, 3
5_25_20 13, 5, 9, 1, 14
4_18_22 12, 4, 8, 16
1_7_06 13
1_8_10 11
3_17_08 5, 13, 1
8_12_12 9, 1, 5, 13, 10, 2, 6, 14
5_5_06 5, 13, 1, 9, 6
8_11_08 7, 15, 3, 11, 8, 16, 4, 12
3_23_22 13, 5, 1
5_30_18 13, 5, 9, 1, 6
6_12_12 9, 1, 5, 13, 6, 14
5_10_00 3, 11, 15, 7, 16
3_30_06 3, 11, 15
1_18_10 2
5_5_22 13, 5, 9, 1, 14
6_23_12 8, 16, 4, 12, 9, 1
5_4_22 12, 4, 8, 16, 1
8_27_18 12, 4, 8, 16, 13, 5, 9, 1
3_19_14 8, 16, 12
4_6_04 4, 12, 16, 8
4_25_00 3, 11, 15, 7
7_12_10 8, 16, 4, 12, 13, 5, 9
6_27_12 9, 1, 5, 13, 10, 2
8_22_00 2, 10, 14, 6, 3, 11, 15, 7
6_9_06 6, 14, 2, 10, 7, 15
2_2_00 13, 5
1_2_08 1
2_20_04 15, 7
4_4_02 2, 10, 14, 6
7_13_18 13, 5, 9, 1, 10, 2, 6
2_23_22 13, 5
6_16_14 11, 3, 7, 15, 4, 12
2_1_04 3, 11
6_4_18 10, 2, 6, 14, 7, 15
2_3_22 12, 4
8_30_12 10, 2, 6, 14, 7, 15, 3, 11
2_22_02 15, 7
7_26_06 6, 14, 2, 10, 3, 11, 15
1_20_22 16
8_9_16 11, 3, 7, 15, 12, 4, 8, 16
1_11_04 13
2_12_04 1, 9
6_24_16 10, 2, 6, 14, 7, 15
1_6_20 8
2_24_08 2, 10
3_29_16 12, 4, 8
7_24_04 4, 12, 16, 8, 9, 1, 5
3_29_22 15, 7, 11
2_1_14 8, 16
3_3_12 7, 15, 11
5_14_14 11, 3, 7, 15, 4
4_14_18 13, 5, 9, 1
2_19_18 10, 2
8_31_16 12, 4, 8, 16, 9, 1, 5, 13
4_2_06 4, 12, 16, 8
7_2_22 12, 4, 8, 16, 9, 1, 5
4_5_16 10, 2, 6, 14
6_22_22 13, 5, 9, 1, 10, 2
5_23_16 10, 2, 6, 14, 3
4_10_02 4, 12, 16, 8
1_11_18 4
2_8_08 2, 10
6_11_00 3, 11, 15, 7, 4, 12
4_15_00 4,12, 16, 8
6_30_16 12, 4, 8, 16, 5, 13
2_2_18 6, 14
5_14_06 7, 15, 3, 11, 16
4_9_22 14, 6, 10, 2
3_15_08 8, 16, 12
4_2_14 8, 16, 4, 12
7_31_22 15, 7, 11, 3, 4, 12, 16
6_18_22 12, 4, 8, 16, 9, 1
8_14_06 7, 15, 3, 11, 4, 12, 16, 8
4_10_20 13, 5, 9, 1
2_7_00 2, 10
2_19_06 4, 12
5_7_12 8, 16, 4, 12, 1
7_31_18 13, 5, 9, 1, 2, 10, 14
4_26_16 11, 3, 7, 15
2_30_08 4, 12
4_24_14 9, 1, 5, 13
8_7_18 11, 3, 7, 15, 12, 4, 8, 16
7_5_16 10, 2, 6, 14, 11, 3, 7
4_18_16 9, 1, 5, 13
5_10_02 4, 12, 16, 8, 1
8_8_18 11, 3, 7, 15, 12, 4, 8, 16
8_29_00 4, 12, 16, 8, 1, 9, 13, 5
7_31_08 8, 16, 4, 12, 13, 5, 9
1_24_08 10
8_16_04 6, 14, 2, 10, 3, 11, 15, 7
2_29_16 12, 4
8_15_00 4, 12, 16, 8, 1, 9, 13, 5
6_13_02 5, 13, 1, 9, 2, 10
5_28_20 13, 5, 9, 1, 2
6_24_08 6, 14, 2, 10, 3, 11
5_20_04 3, 11, 15, 7, 8
8_25_06 6, 14, 2, 10, 7, 15, 3, 11
1_16_14 15
6_27_02 4, 12, 16, 8, 5, 13
6_26_06 6, 14, 2, 10, 3, 11
1_9_22 14
8_29_22 15, 7, 11, 3, 12, 4, 8, 16
3_24_06 1, 9, 5
7_4_06 4, 12, 16, 8, 9, 1, 5
8_14_10 9, 1, 5, 13, 6, 14, 2, 10
3_24_16 6, 14, 10
4_25_18 12, 4, 8, 16
4_16_08 8, 16, 4, 12
2_6_18 7, 15
7_18_10 6, 14, 2, 10, 3, 11, 15
1_11_12 1
1_25_10 8
6_28_10 8, 16, 4, 12, 5, 13
6_31_22 15, 7, 11, 3, 12, 4
6_21_22 13, 5, 9, 1, 14, 6
7_9_16 11, 3, 7, 15, 12, 4, 8
1_3_02 10
2_14_14 7, 15
2_13_20 14, 6
4_9_12 9, 1, 5, 13
4_11_12 9, 1, 5, 13
4_9_00 3, 11, 15, 7
2_11_14 10, 2
1_13_18 13
5_7_14 9, 1, 5, 13, 2
8_26_00 3, 11, 15, 7, 4, 12, 16, 8
4_8_08 6, 14, 2, 10
6_12_08 7, 15, 3, 11, 4, 12
3_16_12 6, 14, 10
6_19_10 6, 14, 2, 10, 7, 15
4_29_10 9, 1, 5, 13
4_7_18 11, 3, 7, 15
6_9_18 12, 4, 8, 16, 13, 5
4_15_12 10, 2, 6, 14
2_12_14 6, 14
7_20_08 5, 13, 1, 9, 10, 2, 6
1_20_14 12
8_12_18 12, 4, 8, 16, 13, 5, 9, 1
7_27_06 6, 14, 2, 10, 15, 7, 11
2_7_18 11, 3
4_25_02 4, 12, 16, 8
4_13_06 7, 15, 3, 11
5_24_08 6, 14, 2, 10, 11
1_23_06 13
7_21_10 7, 15, 3, 11, 8, 16, 4
7_26_22 14, 6, 10, 2, 11, 3, 7
3_12_22 10, 2, 14
2_23_18 11, 3
8_11_20 13, 5, 9, 1, 14, 6, 10, 2
8_28_18 12, 4, 8, 16, 13, 5, 9, 1
6_12_14 10, 2, 6, 14, 7, 15
1_15_12 2
3_31_00 4,12, 8
8_5_04 4, 12, 16, 8, 5, 13, 1, 9
5_20_00 1, 9, 13, 5, 6
3_6_04 16, 8, 12
6_2_22 12, 4, 8, 16, 9, 1
3_12_14 6, 14, 10
6_2_08 5, 13, 1, 9, 2, 10
1_30_02 1
8_17_06 4, 12, 16, 8, 5, 13, 1, 9
7_11_22 14, 6, 10, 2, 7, 15, 3
7_1_06 4, 12, 16, 8, 5, 13, 1
4_4_18 10, 2, 6, 14
8_19_12 7, 15, 3, 11, 8, 16, 4, 12
3_12_18 8, 16, 12
3_15_20 14, 6, 2
3_20_20 7, 15, 11
3_22_16 6, 14, 2
3_24_12 4, 12, 8
1_27_14 2
2_4_14 4, 12
1_11_02 12
8_4_02 2, 10, 14, 6, 3, 11, 15, 7
4_13_02 5, 13, 1, 9
8_6_02 3, 11, 15, 7, 4, 12, 16, 8
2_31_18 13, 5
2_1_16 9, 1
7_4_04 3, 11, 15, 7, 8, 16, 4
3_26_14 6, 14, 2
2_6_02 15, 7
2_10_00 15, 7
8_25_12 9, 1, 5, 13, 10, 2, 6, 14
4_10_00 3, 11, 15, 7
7_2_08 5, 13, 1, 9, 2, 10, 14
4_11_16 11, 3, 7, 15
3_29_12 10, 2, 6
3_26_08 3, 11, 15
8_4_18 10, 2, 6, 14, 11, 3, 7, 15
4_24_08 6, 14, 2, 10
6_16_04 6, 14, 2, 10, 15, 7
1_2_22 8
1_24_04 8
6_8_06 5, 13, 1, 9, 2, 10
1_31_14 3
8_27_12 9, 1, 5, 13, 10, 2, 6, 14
8_4_20 11, 3, 7, 15, 12, 4, 8, 16
6_20_20 11, 3, 7, 15, 8, 16
6_21_04 4, 12, 16, 8, 5, 13
4_6_12 8, 16, 4, 12
4_4_20 11, 3, 7, 15
8_23_18 11, 3, 7, 15, 12, 4, 8, 16
3_9_08 7, 15, 3
7_2_16 9, 1, 5, 13, 6, 14, 2
2_22_16 6, 14
7_25_10 8, 16, 4, 12, 9, 1, 5
3_8_22 9, 1, 13
4_27_10 8, 16, 4, 12
3_5_00 2, 10, 14
7_21_02 3, 11, 15, 7, 4, 12, 16
8_27_22 14, 6, 10, 2, 15, 7, 11, 3
8_4_22 12, 4, 8, 16, 13, 5, 9, 1
1_6_14 5
5_16_16 12, 4, 8, 16, 13
5_4_14 8, 16, 4, 12, 13
4_12_20 13, 5, 9, 1
1_15_00 12
3_25_12 9, 1, 5
6_25_02 4, 12, 16, 8, 5, 13
2_21_20 12, 4
6_13_00 4, 12, 16, 8, 1, 9
7_4_00 1, 9, 13, 5, 6, 14, 2
1_4_02 6
3_19_18 10, 2, 14
2_23_00 2, 10
4_30_10 9, 1, 5, 13
2_6_04 16, 8
6_5_22 13, 5, 9, 1, 14, 6
4_1_10 6, 14, 2, 10
6_22_04 4, 12, 16, 8, 1, 9
3_26_02 16, 8, 12
1_6_06 1
1_30_14 7
7_1_00 1, 9, 13, 5, 2, 10, 14
3_13_12 10, 2, 6
7_26_16 11, 3, 7, 15, 8, 16, 4
2_16_22 11, 3
4_3_06 4, 12, 16, 8
8_27_16 11, 3, 7, 15, 12, 4, 8, 16
8_5_22 13, 5, 9, 1, 14, 6, 10, 2
2_8_16 6, 14
1_8_16 14
5_12_10 8, 16, 4, 12, 13
6_18_16 9, 1, 5, 13, 6, 14
3_20_00 13, 5, 1
1_14_02 1
2_28_12 5, 13
4_21_14 9, 1, 5, 13
2_28_16 7, 15
1_5_02 3
7_29_04 6, 14, 2, 10, 3, 11, 15
5_15_18 13, 5, 9, 1, 2
1_25_20 13
5_3_16 9, 1, 5, 13, 2
7_1_14 8, 16, 4, 12, 9, 1, 5
8_9_20 13, 5, 9, 1, 14, 6, 10, 2
8_31_10 9, 1, 5, 13, 6, 14, 2, 10
4_22_04 4, 12, 16, 8
2_3_02 2, 10
1_20_04 7
6_18_10 6, 14, 2, 10, 3, 11
7_2_00 1, 9, 13, 5, 14, 6, 10
4_6_20 12, 4, 8, 16
5_20_18 10, 2, 6, 14, 15
5_14_20 14, 6, 10, 2, 7
7_22_00 2, 10, 14, 6, 15, 7, 11
1_15_10 1
1_31_04 14
4_24_10 7, 15, 3, 11
5_16_20 14, 6, 10, 2, 15
5_16_10 9, 1, 5, 13, 10
1_26_04 1
4_31_06 7, 15, 3, 11
7_4_14 8, 16, 4, 12, 13, 5, 9
2_14_20 10, 2
7_23_16 10, 2, 6, 14, 3, 11, 15
2_8_10 3, 11
3_21_20 12, 4, 8
1_19_12 15
4_27_16 11, 3, 7, 15
1_26_08 3
7_1_12 7, 15, 3, 11, 8, 16, 4
5_10_06 6, 14, 2, 10, 3
7_25_22 14, 6, 10, 2, 15, 7, 11
8_30_22 15, 7, 11, 3, 12, 4, 8, 16
7_8_12 8, 16, 4, 12, 13, 5, 9
1_27_08 15
1_20_02 6
4_9_02 4, 12, 16, 8
5_29_04 6, 14, 2, 10, 3
4_10_08 7, 15, 3, 11
5_6_14 9, 1, 5, 13, 6
2_6_06 1, 9
7_14_16 12, 4, 8, 16, 5, 13, 1
1_24_14 13
5_6_08 6, 14, 2, 10, 3
4_7_06 5, 13, 1, 9
7_10_02 4, 12, 16, 8, 1, 9, 13
6_26_10 8, 16, 4, 12, 5, 13
8_10_10 8, 16, 4, 12, 9, 1, 5, 13
3_4_00 13, 5, 1
6_20_00 1, 9, 13, 5, 14, 6
2_23_16 10, 2
3_31_14 11, 3, 15
3_8_20 8, 16, 12
4_17_02 2, 10, 14, 6
1_12_00 7
8_6_20 12, 4, 8, 16, 13, 5, 9, 1
8_24_16 10, 2, 6, 14, 11, 3, 7, 15
5_25_08 7, 15, 3, 11, 8
5_2_02 2, 10, 14, 6, 15
1_3_16 1
7_7_10 7, 15, 3, 11, 16, 8, 12
2_1_22 12, 4
6_11_08 7, 15, 3, 11, 8, 16
3_19_00 1, 9, 5
2_29_12 10, 2
1_15_04 14
8_9_08 7, 15, 3, 11, 8, 16, 4, 12
1_18_00 13
8_10_08 7, 15, 3, 11, 8, 16, 4, 12
3_4_10 2, 10, 6
7_4_16 9, 1, 5, 13, 14, 6, 10
3_14_18 9, 1, 5
8_9_14 10, 2, 6, 14, 11, 3, 7, 15
8_17_02 2, 10, 14, 6, 3, 11, 15, 7
8_7_14 9, 1, 5, 13, 10, 2, 6, 14
4_28_04 5, 13, 1, 9
8_12_22 14, 6, 10, 2, 15, 7, 11, 3
1_11_16 3
4_18_00 1, 9, 13, 5
5_18_10 6, 14, 2, 10, 3
5_18_18 10, 2, 6, 14, 7
4_25_20 13, 5, 9, 1
8_10_22 14, 6, 10, 2, 15, 7, 11, 3
2_24_02 15, 7
2_18_00 13, 5
7_18_14 8, 16, 4, 12, 5, 13, 1
8_14_08 8, 16, 4, 12, 5, 13, 1, 9
5_20_08 5, 13, 1, 9, 10
2_4_02 14, 6
6_21_20 12, 4, 8, 16, 13, 5
3_4_20 7, 15, 11
4_17_00 1, 9, 13, 5
6_7_00 2, 10, 14, 6, 3, 11
4_4_00 1, 9, 13, 5
2_25_12 9, 1
4_30_08 8, 16, 4, 12
4_29_02 5, 13, 1, 9
5_13_04 6, 14, 2, 10, 3
4_11_08 7, 15, 3, 11
2_16_14 7, 15
4_12_02 4, 12, 16, 8
1_21_14 9
2_24_20 8, 16
1_23_12 16
6_1_10 6, 14, 2, 10, 7, 15
8_9_00 3, 11, 15, 7, 4, 12, 16, 8
3_27_16 11, 3, 15
3_21_10 7, 15, 3
4_5_08 6, 14, 2, 10
4_31_04 6, 14, 2, 10
6_11_20 13, 5, 9, 1, 14, 6
8_20_04 3, 11, 15, 7, 4, 12, 16, 8
1_24_18 15
2_5_20 12, 4
1_22_10 3
7_5_18 11, 3, 7, 15, 12, 4, 8
5_1_06 4, 12, 16, 8, 5
7_28_10 8, 16, 4, 12, 13, 5, 9
8_8_04 4, 12, 16, 8, 5, 13, 1, 9
8_22_04 4, 12, 16, 8, 5, 13, 1, 9
5_29_12 10, 2, 6, 14, 7
2_17_14 8, 16
8_23_10 7, 15, 3, 11, 8, 16, 4, 12
4_11_22 14, 6, 10, 2
3_5_04 4, 12, 16
5_28_06 6, 14, 2, 10, 11
8_21_02 3, 11, 15, 7, 4, 12, 16, 8
6_7_10 7, 15, 3, 11, 8, 16
1_12_16 15
1_25_22 14
3_9_14 10, 2, 6
1_31_20 6
3_25_14 10, 2, 6
1_18_18 6
2_16_10 5, 13
6_1_12 7, 15, 3, 11, 8, 16
7_11_20 13, 5, 9, 1, 6, 14, 2
7_16_04 6, 14, 2, 10, 7, 15, 3
1_4_22 16
4_18_20 11, 3, 7, 15
1_18_22 8
6_3_00 1, 9, 13, 5, 2, 10
1_1_00 1
4_26_00 3, 11, 15, 7
3_25_00 3, 11, 15
2_9_22 14, 6
1_13_20 14
3_11_22 14, 6, 2
5_11_18 12, 4, 8, 16, 5
7_28_00 3, 11, 15, 7, 8, 16, 4
2_11_06 6, 14
6_9_12 9, 1, 5, 13, 10, 2
5_24_10 7, 15, 3, 11, 12
3_5_02 3, 11, 15
1_21_22 13
6_25_20 13, 5, 9, 1, 14, 6
5_30_04 6, 14, 2, 10, 15
2_27_14 10, 2
1_22_20 8
1_23_02 11
8_7_00 2, 10, 14, 6, 3, 11, 15, 7
1_20_12 11
3_20_22 8, 16, 12
7_6_18 11, 3, 7, 15, 8, 16, 4
2_11_22 14, 6
1_20_08 9
1_9_14 10
6_17_20 11, 3, 7, 15, 12, 4
2_17_10 6, 14
5_27_06 6, 14, 2, 10, 15
1_30_16 8
6_8_00 2, 10, 14, 6, 15, 7
5_17_16 9, 1, 5, 13, 10
3_11_18 12, 4, 16
7_29_12 10, 2, 6, 14, 7, 15, 3
6_14_08 8, 16, 4, 12, 1, 9
4_27_14 10, 2, 6, 14
2_21_06 5, 13
1_23_16 2
5_21_22 13, 5, 9, 1, 14
5_29_00 4, 12, 16, 8, 1
8_24_08 6, 14, 2, 10, 7, 15, 3, 11
7_4_12 7, 15, 3, 11, 12, 4, 8
1_10_12 5
8_5_14 9, 1, 5, 13, 10, 2, 6, 14
3_18_22 8, 16, 4
2_20_20 7, 15
7_2_18 10, 2, 6, 14, 7, 15, 3
5_23_22 13, 5, 9, 1, 6
8_28_14 10, 2, 6, 14, 11, 3, 7, 15
5_14_04 6, 14, 2, 10, 15
8_8_12 8, 16, 4, 12, 9, 1, 5, 13
3_9_12 9, 1, 5
5_18_22 12, 4, 8, 16, 9
3_7_12 8, 16, 12
1_29_12 10
2_26_10 4, 12
8_13_06 7, 15, 3, 11, 4, 12, 16, 8
2_14_18 9, 1
3_3_02 2, 10, 6
6_5_16 10, 2, 6, 14, 11, 3
4_2_00 1, 9, 13, 5
3_20_02 14, 6, 2
3_14_16 8, 16, 4
5_17_08 5, 13, 1, 9, 6
2_4_16 5, 13
7_21_14 9, 1, 5, 13, 10, 2, 6
4_16_14 11, 3, 7, 15
8_13_10 9, 1, 5, 13, 6, 14, 2, 10
8_17_08 5, 13, 1, 9, 6, 14, 2, 10
5_1_16 9, 1, 5, 13, 10
8_14_18 13, 5, 9, 1, 10, 2, 6, 14
6_4_20 11, 3, 7, 15, 8, 16
6_8_08 6, 14, 2, 10, 3, 11
7_8_04 4, 12, 16, 8, 9, 1, 5
8_8_08 6, 14, 2, 10, 7, 15, 3, 11
7_26_08 7, 15, 3, 11, 4, 12, 16
4_19_00 1, 9, 13, 5
7_17_22 12, 4, 8, 16, 13, 5, 9
7_8_10 7, 15, 3, 11, 12, 4, 8
3_15_10 9, 1, 13
6_19_06 4, 12, 16, 8, 5, 13
2_2_20 7, 15
1_6_10 3
5_21_20 12, 4, 8, 16, 13
6_6_20 12, 4, 8, 16, 9, 1
6_10_22 14, 6, 10, 2, 11, 3
5_14_12 10, 2, 6, 14, 3
8_25_10 8, 16, 4, 12, 9, 1, 5, 13
7_23_14 9, 1, 5, 13, 2, 10, 14
8_15_22 15, 7, 11, 3, 12, 4, 8, 16
3_25_04 5, 13, 1
8_7_06 5, 13, 1, 9, 6, 14, 2, 10
7_13_06 7, 15, 3, 11, 4, 12, 16
4_10_14 10, 2, 6, 14
4_14_00 4,12, 16, 8
6_13_20 14, 6, 10, 2, 11, 3
6_3_22 12, 4, 8, 16, 13, 5
8_22_18 11, 3, 7, 15, 12, 4, 8, 16
4_25_12 9, 1, 5, 13
7_13_16 12, 4, 8, 16, 9, 1, 5
2_27_10 8, 16
8_21_06 5, 13, 1, 9, 6, 14, 2, 10
6_7_02 3, 11, 15, 7, 4, 12
2_10_06 2, 10
7_20_14 8, 16, 4, 12, 13, 5, 9
7_19_12 7, 15, 3, 11, 16, 8, 12
4_19_12 7, 15, 3, 11
5_14_00 4, 12, 16, 8, 13
5_11_04 5, 13, 1, 9, 14
6_26_08 7, 15, 3, 11, 4, 12
3_22_14 5, 13, 1
4_13_08 8, 16, 4, 12
7_11_12 9, 1, 5, 13, 2, 10, 14
2_17_16 9, 1
6_26_00 3, 11, 15, 7, 16, 8
7_16_02 5, 13, 1, 9, 6, 14, 2
3_23_16 10, 2, 14
2_18_04 15, 7
8_26_02 4, 12, 16, 8, 5, 13, 1, 9
7_11_06 6, 14, 2, 10, 15, 7, 11
8_2_16 9, 1, 5, 13, 10, 2, 6, 14
3_22_02 15, 7, 11
6_27_08 7, 15, 3, 11, 8, 16
7_25_06 6, 14, 2, 10, 7, 15, 3
2_16_06 3, 11
3_25_06 6, 14, 2
8_29_18 13, 5, 9, 1, 10, 2, 6, 14
1_7_12 16
3_28_06 2, 10, 6
2_20_14 4, 12
4_31_10 9, 1, 5, 13
2_1_10 6, 14
1_3_18 2
6_2_16 9, 1, 5, 13, 6, 14
7_21_18 11, 3, 7, 15, 12, 4, 8
8_26_04 5, 13, 1, 9, 6, 14, 2, 10
4_5_04 4, 12, 16, 8
5_2_22 12, 4, 8, 16, 9
5_22_00 2, 10, 14, 6, 15
7_16_10 9, 1, 5, 13, 10, 2, 6
2_2_14 4, 12
1_24_06 9
6_6_02 3, 11, 15, 7, 16, 8
7_27_12 9, 1, 5, 13, 2, 10, 14
7_8_16 10, 2, 6, 14, 15, 7, 11
2_10_22 10, 2
6_13_08 8, 16, 4, 12, 5, 13
4_2_16 9, 1, 5, 13
4_28_20 13, 5, 9, 1
8_28_20 13, 5, 9, 1, 14, 6, 10, 2
8_18_16 9, 1, 5, 13, 10, 2, 6, 14
3_28_16 7, 15, 11
1_8_04 8
2_29_00 4,12
8_21_00 2, 10, 14, 6, 3, 11, 15, 7
4_19_18 10, 2, 6, 14
4_25_16 11, 3, 7, 15
1_22_14 5
1_5_06 5
6_11_22 14, 6, 10, 2, 15, 7
2_25_14 10, 2
4_11_14 10, 2, 6, 14
5_25_22 14, 6, 10, 2, 15
7_21_00 2, 10, 14, 6, 3, 11, 15
6_27_10 8, 16, 4, 12, 9, 1
6_7_08 6, 14, 2, 10, 7, 15
1_1_20 11
6_5_10 7, 15, 3, 11, 8, 16
1_10_20 9
2_14_04 2, 10
3_24_22 9, 1, 13
5_4_04 3, 11, 15, 7, 8
1_10_22 10
5_26_16 11, 3, 7, 15, 8
4_24_22 13, 5, 9, 1
6_1_02 2, 10, 14, 6, 3, 11
5_6_00 2, 10, 14, 6, 15
7_5_10 7, 15, 3, 11, 8, 16, 4
4_23_10 7, 15, 3, 11
4_2_08 5, 13, 1, 9
8_5_08 6, 14, 2, 10, 7, 15, 3, 11
7_2_06 4, 12, 16, 8, 1, 9, 13
8_18_04 3, 11, 15, 7, 4, 12, 16, 8
5_30_16 12, 4, 8, 16, 5
5_27_08 7, 15, 3, 11, 16
5_26_06 6, 14, 2, 10, 3
2_15_22 15, 7
7_28_02 4, 12, 16, 8, 9, 1, 5
6_29_20 14, 6, 10, 2, 11, 3
1_28_04 9
5_22_06 5, 13, 1, 9, 2
1_29_20 14
5_7_08 6, 14, 2, 10, 15
8_3_06 4, 12, 16, 8, 5, 13, 1, 9
2_24_22 9, 1
6_17_08 5, 13, 1, 9, 6, 14
5_5_08 6, 14, 2, 10, 7
8_1_02 2, 10, 14, 6, 3, 11, 15, 7
7_19_16 9, 1, 5, 13, 2, 10, 14
5_25_02 4, 12, 16, 8, 5
3_31_16 12, 4, 16
2_31_14 11, 3
1_27_12 1
1_7_02 11
1_3_04 11
1_6_16 6
2_9_06 6, 14
4_8_12 8, 16, 4, 12
8_1_14 8, 16, 4, 12, 9, 1, 5, 13
1_2_10 2
1_25_00 3
7_21_06 5, 13, 1, 9, 6, 14, 2
7_1_02 2, 10, 14, 6, 3, 11, 15
1_1_14 8
8_16_10 9, 1, 5, 13, 6, 14, 2, 10
3_15_18 13, 5, 1
3_20_12 3, 11, 7
1_12_18 16
3_18_12 3, 11, 15
2_26_20 9, 1
6_25_04 5, 13, 1, 9, 6, 14
6_28_02 4, 12, 16, 8, 1, 9
6_2_20 11, 3, 7, 15, 8, 16
2_25_06 6, 14
6_22_20 12, 4, 8, 16, 9, 1
8_31_08 8, 16, 4, 12, 5, 13, 1, 9
7_22_16 10, 2, 6, 14, 7, 15, 3
6_24_20 12, 4, 8, 16, 9, 1
3_3_04 3, 11, 7
3_22_04 16, 8, 12
5_29_16 12, 4, 8, 16, 9
2_12_10 4, 12
7_6_00 2, 10, 14, 6, 15, 7, 11
1_17_20 11
2_19_16 9, 1
3_2_06 16, 8, 12
5_22_04 4, 12, 16, 8, 1
8_20_22 12, 4, 8, 16, 13, 5, 9, 1
4_7_22 13, 5, 9, 1
1_30_22 11
5_30_20 14, 6, 10, 2, 7
8_28_22 14, 6, 10, 2, 15, 7, 11, 3
2_16_00 16, 8
